AE33-S10-01394|600777|5/18/2025 6:10:00 PM|5/18/2025 6:11:00 PM|16|7/13/2024 9:28:10 AM|926975|500389|742999|913331|557599|770588|923988|570252|736502|927088|667877|810158|920080|718343|863536|755636|776573|900067|807298|782155|892937|196|299|219|151|152|163|163|221|171|199|230|200|141|167|140|159|209|156|159|383|155|0.002269943|0.002474039|0.001809455|0.0002973164|-0.0005685094|-0.001636707|-0.002327011|5.5|101325.0|0.0|2266|731|2997|24.0|40.0|26.0|0|10|10|0|0|312|284|1|29777|12
AE33-S10-01394|600778|5/18/2025 6:11:00 PM|5/18/2025 6:12:00 PM|16|7/13/2024 9:28:10 AM|926957|500307|742952|913334|557533|770544|923998|570200|736487|927074|667821|810127|920059|718277|863499|755626|776525|900044|807344|782173|892993|197|185|220|211|324|228|195|185|205|150|156|150|168|151|166|157|124|154|119|-62|116|0.002268893|0.002477376|0.001807407|0.0002970098|-0.0005707223|-0.00164326|-0.002354294|95.3|101325.0|0.0|2266|731|2997|24.0|41.0|26.0|0|10|10|0|0|312|284|0|29777|11
AE33-S10-01394|600779|5/18/2025 6:12:00 PM|5/18/2025 6:13:00 PM|16|7/13/2024 9:28:10 AM|927012|500269|742963|913377|557519|770563|924061|570187|736522|927096|667784|810129|920122|718278|863539|755708|776571|900123|807373|782163|893005|184|188|206|125|120|135|174|123|183|172|143|173|163|167|161|160|209|156|170|244|166|0.0022682|0.002476396|0.001803819|0.0002954632|-0.0005716522|-0.001638567|-0.002345702|0|101325.0|0.0|2267|730|2997|24.0|41.0|26.0|0|10|10|0|0|312|284|0|29777|12
AE33-S10-01394|600780|5/18/2025 6:13:00 PM|5/18/2025 6:14:00 PM|16|7/13/2024 9:28:10 AM|927043|500209|742944|913389|557463|770548|924063|570150|736500|927127|667756|810129|920176|718277|863570|755752|776580|900156|807443|782193|893077|209|249|234|197|175|213|129|190|135|164|225|165|146|172|145|151|216|148|169|66|165|0.002268126|0.002474541|0.001806221|0.0002970062|-0.000570295|-0.001631719|-0.002362103|28.8|101325.0|0.0|2265|732|2997|24.0|41.0|26.0|0|10|10|0|0|312|284|0|29777|11
AE33-S10-01394|600781|5/18/2025 6:14:00 PM|5/18/2025 6:15:00 PM|16|7/13/2024 9:28:10 AM|927023|500134|742888|913383|557402|770511|924060|570098|736477|927124|667717|810110|920133|718196|863509|755718|776522|900111|807400|782121|893008|175|228|196|178|223|193|168|166|177|120|136|121|161|181|159|96|50|94|136|261|132|0.002268595|0.002475279|0.00180501|0.0002971159|-0.000570175|-0.00163975|-0.002345907|45.1|101325.0|0.0|2267|730|2997|24.0|40.0|26.0|0|10|10|0|0|312|284|0|29777|12
AE33-S10-01394|600782|5/18/2025 6:15:00 PM|5/18/2025 6:16:00 PM|16|7/13/2024 9:28:10 AM|927030|500063|742862|913380|557336|770468|924082|570059|736465|927115|667653|810079|920096|718118|863456|755678|776435|900054|807389|782068|892982|204|181|228|199|283|215|176|239|185|187|193|188|166|160|164|191|105|187|189|169|184|0.002267257|0.002477513|0.001807345|0.0002967361|-0.0005719193|-0.001653546|-0.002350893|16.8|101325.0|0.0|2269|728|2997|24.0|40.0|26.0|0|10|10|0|0|312|284|0|29777|11
AE33-S10-01394|600783|5/18/2025 6:16:00 PM|5/18/2025 6:17:00 PM|16|7/13/2024 9:28:10 AM|927088|500019|742861|913434|557307|770485|924108|570034|736467|927127|667605|810064|920229|718164|863552|755756|776480|900129|807506|782144|893092|205|270|229|192|199|208|138|151|145|184|212|186|196|252|194|147|200|143|167|236|162|0.002267776|0.002476798|0.00180713|0.0002971041|-0.0005682246|-0.001648415|-0.002343073|27.7|101325.0|0.0|2267|730|2997|24.0|41.0|27.0|0|10|10|0|0|312|284|0|29777|13
AE33-S10-01394|600784|5/18/2025 6:17:00 PM|5/18/2025 6:18:00 PM|16|7/13/2024 9:28:10 AM|927060|499934|742802|913382|557223|770421|924105|569977|736454|927074|667518|809994|920118|718040|863436|755712|776403|900061|807453|782060|893020|191|208|213|162|140|176|185|86|194|159|197|160|127|103|125|133|174|130|146|163|142|0.002267361|0.00247503|0.001800608|0.0003036741|-0.0005713621|-0.001644609|-0.002342435|23.2|101325.0|0.0|2266|731|2997|24.0|41.0|26.0|0|10|10|0|0|312|284|0|29777|12
AE33-S10-01394|600785|5/18/2025 6:18:00 PM|5/18/2025 6:19:00 PM|16|7/13/2024 9:28:10 AM|927093|499897|742803|913438|557212|770447|924116|569935|736425|927104|667493|810010|920212|718078|863513|755756|776423|900107|807499|782087|893074|149|145|167|140|148|152|164|305|172|152|85|153|120|98|118|105|72|103|79|-38|76|0.002266524|0.002474592|0.001806933|0.0002950657|-0.0005736139|-0.001650956|-0.00236037|96.8|101325.0|0.0|2267|730|2997|24.0|41.0|26.0|0|10|10|0|0|312|284|1|29777|13
AE33-S10-01394|600786|5/18/2025 6:19:00 PM|5/18/2025 6:20:00 PM|16|7/13/2024 9:28:10 AM|927017|499788|742712|913378|557115|770367|924056|569847|736359|927025|667404|809924|920146|717972|863423|755675|776299|900003|807390|781952|892947|185|171|207|188|205|203|171|147|180|105|141|105|185|245|183|170|84|166|132|78|128|0.002265482|0.002474208|0.001804581|0.0002958981|-0.0005696627|-0.00166427|-0.002369506|57.5|101325.0|0.0|2267|730|2997|24.0|40.0|26.0|0|10|10|0|0|312|284|1|29777|13
