Dobson2
 2
 1
2024
Nairobi
018
 -1.2710
 36.8030
1795
 820
26000
1.806
0.833
0.374
0.114
0.109
0.104
dN
-0.78
-0.69
-0.85
NTable
-42.3
-34.3
-26.1
-17.4
 -8.1
  1.8
 12.2
 23.0
 33.4
 43.7
 53.4
 63.0
 72.6
 82.4
 92.2
102.1
112.1
122.2
132.6
142.9
153.0
163.2
173.2
183.4
192.9
202.1
211.6
221.7
232.8
244.5
257.3

-40.8
-32.5
-24.2
-15.4
 -6.0
  4.2
 14.8
 25.6
 36.3
 46.5
 56.3
 65.9
 75.6
 85.3
 95.1
104.9
114.8
124.8
135.2
145.3
155.3
165.3
175.2
185.2
194.5
203.6
212.9
222.8
233.6
244.8
257.3

-40.2
-32.1
-23.7
-14.7
 -5.1
  5.1
 15.8
 26.8
 37.5
 47.8
 57.6
 67.3
 76.8
 86.5
 96.3
106.0
115.8
125.8
135.8
145.9
155.7
165.5
175.1
184.9
194.1
203.0
211.9
221.6
232.3
243.3
255.6

Zpoly
 379.6519520
-752.7688370
  12.2053801
4612.9711200
   2.6441876
-216.6516600
-147.9493570
   5.7369696
 857.3274680
  -0.0648987

 313.3267240
-454.8429170
  26.7887444
 242.4997490
   0.1722892
 -16.5982925
  -0.0252821
   0.1673670
 -24.8973557
  -0.0048503

   3.2205400
  -0.0017600
  -0.3425600
   0.0013400

   7.5146000
  -0.0041000
  -0.7993150
   0.0031400

  10.7351000
  -0.0058500
  -1.1418800
   0.0044800

  12.8822000
  -0.0070300
  -1.3702500
   0.0053800

  12.8822000
  -0.0070300
  -1.3702500
   0.0053800

   8.1011400
  -0.0074000
  -1.1134600
   0.0019000

  18.9027000
  -0.0172700
  -2.5980600
   0.0044400

  27.0038000
  -0.0246700
  -3.7115200
   0.0063400

  32.4046000
  -0.0296100
  -4.4538200
   0.0076000

  32.4046000
  -0.0296100
  -4.4538200
   0.0076000

EmpCor
   0.0000000
   0.0000000
   0.0000000

   0.0000000
   0.0000000
   0.0000000

   1.00000
   1.00000
   1.00000
   1.00000
   1.00000
   1.00000
   1.00000

   1.00000
   1.00000
   1.00000
   1.00000
   1.00000


ZC
006
ADADA
XA
06:24:00
120.7
  0.0
 72.5
  0.0
XD
06:24:30
 58.7
  0.0
 13.6
  0.0
XA
06:25:00
120.6
  0.0
 72.4
  0.0
XD
06:25:30
 57.7
  0.0
 12.5
  0.0
XA
06:26:00
119.1
  0.0
 71.0
  0.0
XAD
06:25:00
1.588
 51.2
236.6

comment
7, 25, ZC

ZC
006
ADADA
XA
06:26:00
119.1
  0.0
 71.0
  0.0
XD
06:26:30
 57.1
  0.0
 11.8
  0.0
XA
06:27:00
119.1
  0.0
 71.0
  0.0
XD
06:27:30
 58.4
  0.0
 13.2
  0.0
XA
06:28:00
119.6
  0.0
 71.4
  0.0
XAD
06:27:00
1.573
 50.8
237.3

comment
7, 25, ZC

ZC
006
ADADA
XA
06:27:00
119.6
  0.0
 71.4
  0.0
XD
06:27:30
 59.0
  0.0
 13.9
  0.0
XA
06:28:00
120.0
  0.0
 71.8
  0.0
XD
06:28:30
 59.6
  0.0
 14.5
  0.0
XA
06:29:00
120.5
  0.0
 72.3
  0.0
XAD
06:28:00
1.566
 50.6
234.6

comment
7, 25, ZC

ZC
006
ADADA
XA
06:28:00
120.5
  0.0
 72.3
  0.0
XD
06:28:30
 59.7
  0.0
 14.6
  0.0
XA
06:29:00
120.7
  0.0
 72.5
  0.0
XD
06:29:30
 60.0
  0.0
 15.0
  0.0
XA
06:30:00
120.6
  0.0
 72.4
  0.0
XAD
06:29:00
1.559
 50.4
235.4

comment
7, 25, ZC

ZC
005
ADADA
XA
08:32:00
100.6
  0.0
 53.2
  0.0
XD
08:32:30
 56.6
  0.0
 11.3
  0.0
XA
08:33:00
100.8
  0.0
 53.4
  0.0
XD
08:33:30
 55.3
  0.0
  9.9
  0.0
XA
08:34:00
100.8
  0.0
 53.4
  0.0
XAD
08:33:00
1.117
 26.6
238.0

comment
6, 30, ZC

ZC
005
ADADA
XA
08:33:00
100.8
  0.0
 53.4
  0.0
XD
08:33:30
 55.4
  0.0
 10.0
  0.0
XA
08:34:00
100.6
  0.0
 53.2
  0.0
XD
08:34:30
 55.1
  0.0
  9.7
  0.0
XA
08:35:00
100.1
  0.0
 52.7
  0.0
XAD
08:34:00
1.116
 26.5
240.3

comment
6, 30, ZC

ZC
005
ADADA
XA
08:34:00
100.1
  0.0
 52.7
  0.0
XD
08:34:30
 54.6
  0.0
  9.2
  0.0
XA
08:35:00
100.2
  0.0
 52.8
  0.0
XD
08:35:30
 54.7
  0.0
  9.3
  0.0
XA
08:36:00
100.1
  0.0
 52.7
  0.0
XAD
08:35:00
1.115
 26.3
241.9

comment
6, 30, ZC

ZC
005
ADADA
XA
08:36:00
100.1
  0.0
 52.7
  0.0
XD
08:36:30
 54.7
  0.0
  9.3
  0.0
XA
08:37:00
 99.9
  0.0
 52.5
  0.0
XD
08:37:30
 54.6
  0.0
  9.2
  0.0
XA
08:38:00
 99.6
  0.0
 52.2
  0.0
XAD
08:37:00
1.112
 26.0
241.2

comment
6, 30, ZC

DS
000
ADADA
XA
11:18:00
113.9
  0.0
 66.0
256.4
XD
11:18:30
 68.7
  0.0
 24.5
326.2
XA
11:19:00
113.6
  0.0
 65.7
254.5
XD
11:19:30
 68.5
  0.0
 24.3
320.2
XA
11:20:00
113.2
  0.0
 65.3
252.1
XAD
11:19:00
1.190
 33.0
236.3

comment
6, 30, CB

DS
000
ADADA
XA
11:19:00
113.2
  0.0
 65.3
252.7
XD
11:19:30
 68.3
  0.0
 24.1
315.2
XA
11:20:00
113.0
  0.0
 65.1
251.2
XD
11:20:30
 67.9
  0.0
 23.6
304.2
XA
11:21:00
112.9
  0.0
 65.0
250.1
XAD
11:20:00
1.192
 33.1
236.1

comment
6, 30, CB

DS
000
ADADA
XA
11:20:00
112.9
  0.0
 65.0
250.7
XD
11:20:30
 67.4
  0.0
 23.1
291.9
XA
11:21:00
112.8
  0.0
 64.9
249.6
XD
11:21:30
 67.3
  0.0
 23.0
288.4
XA
11:22:00
112.5
  0.0
 64.6
247.7
XAD
11:21:00
1.195
 33.3
238.7

comment
6, 30, CB

DS
000
ADADA
XA
11:21:00
112.5
  0.0
 64.6
248.3
XD
11:21:30
 67.2
  0.0
 22.9
285.9
XA
11:22:00
112.4
  0.0
 64.5
247.2
XD
11:22:30
 66.9
  0.0
 22.5
277.5
XA
11:23:00
112.7
  0.0
 64.8
247.9
XAD
11:22:00
1.197
 33.5
239.0

comment
6, 30, CB

ZC
005
ADADA
XA
12:21:00
108.6
  0.0
 60.9
  0.0
XD
12:21:30
 53.5
  0.0
  8.0
  0.0
XA
12:22:00
107.8
  0.0
 60.1
  0.0
XD
12:22:30
 53.5
  0.0
  8.0
  0.0
XA
12:23:00
108.4
  0.0
 60.7
  0.0
XAD
12:22:00
1.423
 45.6
235.9

comment
6, 30, ZC

ZC
005
ADADA
XA
12:22:00
108.4
  0.0
 60.7
  0.0
XD
12:22:30
 53.3
  0.0
  7.8
  0.0
XA
12:23:00
107.9
  0.0
 60.2
  0.0
XD
12:23:30
 53.4
  0.0
  7.9
  0.0
XA
12:24:00
108.0
  0.0
 60.3
  0.0
XAD
12:23:00
1.428
 45.8
235.4

comment
6, 30, ZC

ZC
005
ADADA
XA
12:23:00
108.4
  0.0
 60.7
  0.0
XD
12:23:30
 52.6
  0.0
  7.0
  0.0
XA
12:24:00
108.5
  0.0
 60.8
  0.0
XD
12:24:30
 52.8
  0.0
  7.2
  0.0
XA
12:25:00
108.4
  0.0
 60.7
  0.0
XAD
12:24:00
1.434
 46.0
237.8

comment
6, 30, ZC

