Dobson2
 5
 1
2024
Nairobi
018
 -1.2710
 36.8030
1795
 820
26000
1.806
0.833
0.374
0.114
0.109
0.104
dN
-0.78
-0.69
-0.85
NTable
-42.3
-34.3
-26.1
-17.4
 -8.1
  1.8
 12.2
 23.0
 33.4
 43.7
 53.4
 63.0
 72.6
 82.4
 92.2
102.1
112.1
122.2
132.6
142.9
153.0
163.2
173.2
183.4
192.9
202.1
211.6
221.7
232.8
244.5
257.3

-40.8
-32.5
-24.2
-15.4
 -6.0
  4.2
 14.8
 25.6
 36.3
 46.5
 56.3
 65.9
 75.6
 85.3
 95.1
104.9
114.8
124.8
135.2
145.3
155.3
165.3
175.2
185.2
194.5
203.6
212.9
222.8
233.6
244.8
257.3

-40.2
-32.1
-23.7
-14.7
 -5.1
  5.1
 15.8
 26.8
 37.5
 47.8
 57.6
 67.3
 76.8
 86.5
 96.3
106.0
115.8
125.8
135.8
145.9
155.7
165.5
175.1
184.9
194.1
203.0
211.9
221.6
232.3
243.3
255.6

Zpoly
 379.6519520
-752.7688370
  12.2053801
4612.9711200
   2.6441876
-216.6516600
-147.9493570
   5.7369696
 857.3274680
  -0.0648987

 313.3267240
-454.8429170
  26.7887444
 242.4997490
   0.1722892
 -16.5982925
  -0.0252821
   0.1673670
 -24.8973557
  -0.0048503

   3.2205400
  -0.0017600
  -0.3425600
   0.0013400

   7.5146000
  -0.0041000
  -0.7993150
   0.0031400

  10.7351000
  -0.0058500
  -1.1418800
   0.0044800

  12.8822000
  -0.0070300
  -1.3702500
   0.0053800

  12.8822000
  -0.0070300
  -1.3702500
   0.0053800

   8.1011400
  -0.0074000
  -1.1134600
   0.0019000

  18.9027000
  -0.0172700
  -2.5980600
   0.0044400

  27.0038000
  -0.0246700
  -3.7115200
   0.0063400

  32.4046000
  -0.0296100
  -4.4538200
   0.0076000

  32.4046000
  -0.0296100
  -4.4538200
   0.0076000

EmpCor
   0.0000000
   0.0000000
   0.0000000

   0.0000000
   0.0000000
   0.0000000

   1.00000
   1.00000
   1.00000
   1.00000
   1.00000
   1.00000
   1.00000

   1.00000
   1.00000
   1.00000
   1.00000
   1.00000


DS
000
ADADA
XA
06:09:00
140.3
  0.0
 91.7
242.2
XD
06:09:30
 75.1
  0.0
 31.4
260.5
XA
06:10:00
140.4
  0.0
 91.8
244.1
XD
06:10:30
 75.2
  0.0
 31.5
264.8
XA
06:11:00
140.1
  0.0
 91.5
244.8
XAD
06:10:00
1.720
 54.8
238.8

comment
3, 40, CB

DS
000
ADADA
XA
06:10:00
140.1
  0.0
 91.5
243.2
XD
06:10:30
 75.2
  0.0
 31.5
264.8
XA
06:11:00
140.2
  0.0
 91.6
245.1
XD
06:11:30
 75.3
  0.0
 31.6
269.1
XA
06:12:00
140.1
  0.0
 91.5
246.3
XAD
06:11:00
1.711
 54.5
239.1

comment
3, 40, CB

DS
000
ADADA
XA
06:12:00
140.1
  0.0
 91.5
246.3
XD
06:12:30
 74.5
  0.0
 30.8
258.3
XA
06:13:00
139.1
  0.0
 90.5
244.7
XD
06:13:30
 74.4
  0.0
 30.7
259.1
XA
06:14:00
139.0
  0.0
 90.4
245.9
XAD
06:13:00
1.693
 54.1
242.3

comment
3, 40, CB

DS
000
ADADA
XA
06:13:00
139.0
  0.0
 90.4
244.4
XD
06:13:30
 74.4
  0.0
 30.7
259.1
XA
06:14:00
138.5
  0.0
 90.0
244.3
XD
06:14:30
 74.6
  0.0
 30.9
265.1
XA
06:15:00
138.4
  0.0
 89.9
245.5
XAD
06:14:00
1.684
 53.9
240.2

comment
3, 40, CB

DS
000
ADADA
XA
08:27:00
113.1
  0.0
 65.2
269.6
XD
08:27:30
 66.8
  0.0
 22.4
307.9
XA
08:28:00
113.2
  0.0
 65.3
270.5
XD
08:28:30
 66.1
  0.0
 21.7
290.3
XA
08:29:00
113.1
  0.0
 65.2
270.4
XAD
08:28:00
1.124
 27.3
262.6

comment
4, 40, CB

DS
000
ADADA
XA
08:28:00
113.1
  0.0
 65.2
270.0
XD
08:28:30
 66.0
  0.0
 21.5
287.7
XA
08:29:00
112.9
  0.0
 65.0
269.5
XD
08:29:30
 66.0
  0.0
 21.5
288.4
XA
08:30:00
112.7
  0.0
 64.8
268.9
XAD
08:29:00
1.123
 27.1
264.6

comment
4, 40, CB

DS
000
ADADA
XA
08:29:00
112.7
  0.0
 64.8
268.5
XD
08:29:30
 66.0
  0.0
 21.5
288.4
XA
08:30:00
112.8
  0.0
 64.9
269.4
XD
08:30:30
 65.8
  0.0
 21.3
283.8
XA
08:31:00
112.9
  0.0
 65.0
270.3
XAD
08:30:00
1.121
 27.0
265.1

comment
4, 40, CB

