Dobson2
 9
 1
2024
Nairobi
018
 -1.2710
 36.8030
1795
 820
26000
1.806
0.833
0.374
0.114
0.109
0.104
dN
-0.78
-0.69
-0.85
NTable
-42.3
-34.3
-26.1
-17.4
 -8.1
  1.8
 12.2
 23.0
 33.4
 43.7
 53.4
 63.0
 72.6
 82.4
 92.2
102.1
112.1
122.2
132.6
142.9
153.0
163.2
173.2
183.4
192.9
202.1
211.6
221.7
232.8
244.5
257.3

-40.8
-32.5
-24.2
-15.4
 -6.0
  4.2
 14.8
 25.6
 36.3
 46.5
 56.3
 65.9
 75.6
 85.3
 95.1
104.9
114.8
124.8
135.2
145.3
155.3
165.3
175.2
185.2
194.5
203.6
212.9
222.8
233.6
244.8
257.3

-40.2
-32.1
-23.7
-14.7
 -5.1
  5.1
 15.8
 26.8
 37.5
 47.8
 57.6
 67.3
 76.8
 86.5
 96.3
106.0
115.8
125.8
135.8
145.9
155.7
165.5
175.1
184.9
194.1
203.0
211.9
221.6
232.3
243.3
255.6

Zpoly
 379.6519520
-752.7688370
  12.2053801
4612.9711200
   2.6441876
-216.6516600
-147.9493570
   5.7369696
 857.3274680
  -0.0648987

 313.3267240
-454.8429170
  26.7887444
 242.4997490
   0.1722892
 -16.5982925
  -0.0252821
   0.1673670
 -24.8973557
  -0.0048503

   3.2205400
  -0.0017600
  -0.3425600
   0.0013400

   7.5146000
  -0.0041000
  -0.7993150
   0.0031400

  10.7351000
  -0.0058500
  -1.1418800
   0.0044800

  12.8822000
  -0.0070300
  -1.3702500
   0.0053800

  12.8822000
  -0.0070300
  -1.3702500
   0.0053800

   8.1011400
  -0.0074000
  -1.1134600
   0.0019000

  18.9027000
  -0.0172700
  -2.5980600
   0.0044400

  27.0038000
  -0.0246700
  -3.7115200
   0.0063400

  32.4046000
  -0.0296100
  -4.4538200
   0.0076000

  32.4046000
  -0.0296100
  -4.4538200
   0.0076000

EmpCor
   0.0000000
   0.0000000
   0.0000000

   0.0000000
   0.0000000
   0.0000000

   1.00000
   1.00000
   1.00000
   1.00000
   1.00000
   1.00000
   1.00000

   1.00000
   1.00000
   1.00000
   1.00000
   1.00000


ZC
005
ADADA
XA
06:20:00
116.9
  0.0
 68.8
  0.0
XD
06:20:30
 52.9
  0.0
  7.4
  0.0
XA
06:21:00
116.6
  0.0
 68.6
  0.0
XD
06:21:30
 52.8
  0.0
  7.2
  0.0
XA
06:22:00
116.2
  0.0
 68.2
  0.0
XAD
06:21:00
1.635
 52.6
241.6
comment
6, 30, ZC

ZC
005
ADADA
XA
06:21:00
116.2
  0.0
 68.2
  0.0
XD
06:21:30
 52.8
  0.0
  7.2
  0.0
XA
06:22:00
116.1
  0.0
 68.1
  0.0
XD
06:22:30
 52.7
  0.0
  7.1
  0.0
XA
06:23:00
116.3
  0.0
 68.3
  0.0
XAD
06:22:00
1.627
 52.3
241.8
comment
6, 30, ZC

ZC
005
ADADA
XA
06:22:00
116.3
  0.0
 68.3
  0.0
XD
06:22:30
 52.4
  0.0
  6.8
  0.0
XA
06:23:00
115.3
  0.0
 67.3
  0.0
XD
06:23:30
 52.4
  0.0
  6.8
  0.0
XA
06:24:00
115.6
  0.0
 67.6
  0.0
XAD
06:23:00
1.619
 52.1
242.7
comment
6, 30, ZC

ZC
005
ADADA
XA
06:23:00
115.6
  0.0
 67.6
  0.0
XD
06:23:30
 52.4
  0.0
  6.8
  0.0
XA
06:24:00
115.4
  0.0
 67.4
  0.0
XD
06:24:30
 52.5
  0.0
  6.9
  0.0
XA
06:25:00
115.2
  0.0
 67.2
  0.0
XAD
06:24:00
1.611
 51.9
242.2
comment
6, 30, ZC

ZC
005
ADADA
XA
08:13:00
 96.9
  0.0
 49.6
  0.0
XD
08:13:30
 50.2
  0.0
  4.5
  0.0
XA
08:14:00
 97.6
  0.0
 50.3
  0.0
XD
08:14:30
 50.1
  0.0
  4.4
  0.0
XA
08:15:00
 98.3
  0.0
 51.0
  0.0
XAD
08:14:00
1.147
 29.5
247.7
comment
6, 30, ZC

ZC
005
ADADA
XA
08:15:00
 97.0
  0.0
 49.7
  0.0
XD
08:15:30
 50.7
  0.0
  5.0
  0.0
XA
08:16:00
 98.0
  0.0
 50.7
  0.0
XD
08:16:30
 50.6
  0.0
  4.9
  0.0
XA
08:17:00
 98.3
  0.0
 51.0
  0.0
XAD
08:16:00
1.144
 29.1
246.4
comment
6, 30, ZC

DS
000
ADADA
XA
11:19:00
111.1
  0.0
 63.3
246.7
XD
11:19:30
 66.1
  0.0
 21.7
266.6
XA
11:20:00
111.4
  0.0
 63.6
247.5
XD
11:20:30
 66.3
  0.0
 21.9
270.6
XA
11:21:00
111.5
  0.0
 63.7
247.3
XAD
11:20:00
1.179
 32.1
241.6

comment
5, 30, CB

DS
000
ADADA
XA
11:20:00
111.5
  0.0
 63.7
248.0
XD
11:20:30
 66.4
  0.0
 22.0
273.1
XA
11:21:00
111.4
  0.0
 63.6
246.9
XD
11:21:30
 66.5
  0.0
 22.1
274.6
XA
11:22:00
111.3
  0.0
 63.5
245.8
XAD
11:21:00
1.181
 32.3
239.9

comment
5, 30, CB

DS
000
ADADA
XA
11:22:00
111.3
  0.0
 63.5
245.8
XD
11:22:30
 66.1
  0.0
 21.7
263.6
XA
11:23:00
111.5
  0.0
 63.7
246.1
XD
11:23:30
 66.3
  0.0
 21.9
267.6
XA
11:24:00
111.6
  0.0
 63.8
246.0
XAD
11:23:00
1.186
 32.6
240.9

comment
5, 30, CB

ZC
005
ADADA
XA
12:14:00
110.8
  0.0
 63.0
  0.0
XD
12:14:30
 58.5
  0.0
 13.3
  0.0
XA
12:15:00
110.9
  0.0
 63.1
  0.0
XD
12:15:30
 57.6
  0.0
 12.4
  0.0
XA
12:16:00
109.9
  0.0
 62.1
  0.0
XAD
12:15:00
1.365
 43.1
234.3

comment
6, 30, ZC

ZC
005
ADADA
XA
12:15:00
109.9
  0.0
 62.1
  0.0
XD
12:15:30
 56.6
  0.0
 11.3
  0.0
XA
12:16:00
109.4
  0.0
 61.6
  0.0
XD
12:16:30
 54.6
  0.0
  9.2
  0.0
XA
12:17:00
105.7
  0.0
 58.1
  0.0
XAD
12:16:00
1.370
 43.3
234.9

comment
6, 30, ZC

ZC
005
ADADA
XA
12:17:00
105.7
  0.0
 58.1
  0.0
XD
12:17:30
 52.2
  0.0
  6.6
  0.0
XA
12:18:00
104.4
  0.0
 56.8
  0.0
XD
12:18:30
 51.4
  0.0
  5.7
  0.0
XA
12:19:00
104.6
  0.0
 57.0
  0.0
XAD
12:18:00
1.380
 43.8
235.9

comment
6, 30, ZC

ZC
005
ADADA
XA
12:18:00
104.6
  0.0
 57.0
  0.0
XD
12:18:30
 52.1
  0.0
  6.5
  0.0
XA
12:19:00
104.5
  0.0
 56.9
  0.0
XD
12:19:30
 52.1
  0.0
  6.5
  0.0
XA
12:20:00
104.4
  0.0
 56.8
  0.0
XAD
12:19:00
1.384
 44.0
234.2

comment
6, 30, ZC

