Dobson2
11
 1
2024
Nairobi
018
 -1.2710
 36.8030
1795
 820
26000
1.806
0.833
0.374
0.114
0.109
0.104
dN
-0.78
-0.69
-0.85
NTable
-42.3
-34.3
-26.1
-17.4
 -8.1
  1.8
 12.2
 23.0
 33.4
 43.7
 53.4
 63.0
 72.6
 82.4
 92.2
102.1
112.1
122.2
132.6
142.9
153.0
163.2
173.2
183.4
192.9
202.1
211.6
221.7
232.8
244.5
257.3

-40.8
-32.5
-24.2
-15.4
 -6.0
  4.2
 14.8
 25.6
 36.3
 46.5
 56.3
 65.9
 75.6
 85.3
 95.1
104.9
114.8
124.8
135.2
145.3
155.3
165.3
175.2
185.2
194.5
203.6
212.9
222.8
233.6
244.8
257.3

-40.2
-32.1
-23.7
-14.7
 -5.1
  5.1
 15.8
 26.8
 37.5
 47.8
 57.6
 67.3
 76.8
 86.5
 96.3
106.0
115.8
125.8
135.8
145.9
155.7
165.5
175.1
184.9
194.1
203.0
211.9
221.6
232.3
243.3
255.6

Zpoly
 379.6519520
-752.7688370
  12.2053801
4612.9711200
   2.6441876
-216.6516600
-147.9493570
   5.7369696
 857.3274680
  -0.0648987

 313.3267240
-454.8429170
  26.7887444
 242.4997490
   0.1722892
 -16.5982925
  -0.0252821
   0.1673670
 -24.8973557
  -0.0048503

   3.2205400
  -0.0017600
  -0.3425600
   0.0013400

   7.5146000
  -0.0041000
  -0.7993150
   0.0031400

  10.7351000
  -0.0058500
  -1.1418800
   0.0044800

  12.8822000
  -0.0070300
  -1.3702500
   0.0053800

  12.8822000
  -0.0070300
  -1.3702500
   0.0053800

   8.1011400
  -0.0074000
  -1.1134600
   0.0019000

  18.9027000
  -0.0172700
  -2.5980600
   0.0044400

  27.0038000
  -0.0246700
  -3.7115200
   0.0063400

  32.4046000
  -0.0296100
  -4.4538200
   0.0076000

  32.4046000
  -0.0296100
  -4.4538200
   0.0076000

EmpCor
   0.0000000
   0.0000000
   0.0000000

   0.0000000
   0.0000000
   0.0000000

   1.00000
   1.00000
   1.00000
   1.00000
   1.00000
   1.00000
   1.00000

   1.00000
   1.00000
   1.00000
   1.00000
   1.00000


ZC
006
ADADA
XA
08:16:00
100.4
  0.0
 53.0
  0.0
XD
08:16:30
 55.1
  0.0
  9.7
  0.0
XA
08:17:00
100.2
  0.0
 52.8
  0.0
XD
08:17:30
 55.0
  0.0
  9.6
  0.0
XA
08:18:00
100.1
  0.0
 52.7
  0.0
XAD
08:17:00
1.141
 28.9
234.7
comment
7, 25, ZC

ZC
006
ADADA
XA
08:17:00
100.1
  0.0
 52.7
  0.0
XD
08:17:30
 55.1
  0.0
  9.7
  0.0
XA
08:18:00
100.2
  0.0
 52.8
  0.0
XD
08:18:30
 55.3
  0.0
  9.9
  0.0
XA
08:19:00
100.0
  0.0
 52.6
  0.0
XAD
08:18:00
1.139
 28.7
234.1
comment
7, 25, ZC

ZC
006
ADADA
XA
08:19:00
100.0
  0.0
 52.6
  0.0
XD
08:19:30
 55.3
  0.0
  9.9
  0.0
XA
08:20:00
100.4
  0.0
 53.0
  0.0
XD
08:20:30
 55.5
  0.0
 10.1
  0.0
XA
08:21:00
100.4
  0.0
 53.0
  0.0
XAD
08:20:00
1.136
 28.4
234.3
comment
7, 25, ZC

ZC
006
ADADA
XA
08:20:00
100.4
  0.0
 53.0
  0.0
XD
08:20:30
 55.1
  0.0
  9.7
  0.0
XA
08:21:00
100.0
  0.0
 52.6
  0.0
XD
08:21:30
 55.1
  0.0
  9.7
  0.0
XA
08:22:00
100.1
  0.0
 52.7
  0.0
XAD
08:21:00
1.134
 28.2
235.2
comment
7, 25, ZC

ZC
005
ADADA
XA
12:18:00
111.2
  0.0
 63.4
  0.0
XD
12:18:30
 57.9
  0.0
 12.7
  0.0
XA
12:19:00
111.2
  0.0
 63.4
  0.0
XD
12:19:30
 57.6
  0.0
 12.4
  0.0
XA
12:20:00
110.9
  0.0
 63.1
  0.0
XAD
12:19:00
1.378
 43.7
235.1
comment
6, 30, ZC

ZC
005
ADADA
XA
12:19:00
110.9
  0.0
 63.1
  0.0
XD
12:19:30
 57.4
  0.0
 12.2
  0.0
XA
12:20:00
110.9
  0.0
 63.1
  0.0
XD
12:20:30
 57.1
  0.0
 11.8
  0.0
XA
12:21:00
110.6
  0.0
 62.8
  0.0
XAD
12:20:00
1.383
 43.9
235.3
comment
6, 30, ZC

ZC
005
ADADA
XA
12:20:00
110.6
  0.0
 62.8
  0.0
XD
12:20:30
 56.8
  0.0
 11.5
  0.0
XA
12:21:00
110.8
  0.0
 63.0
  0.0
XD
12:21:30
 56.9
  0.0
 11.6
  0.0
XA
12:22:00
110.4
  0.0
 62.6
  0.0
XAD
12:21:00
1.388
 44.1
235.4
comment
6, 30, ZC

ZC
005
ADADA
XA
12:22:00
110.4
  0.0
 62.6
  0.0
XD
12:22:30
 56.9
  0.0
 11.6
  0.0
XA
12:23:00
110.9
  0.0
 63.1
  0.0
XD
12:23:30
 57.0
  0.0
 11.7
  0.0
XA
12:24:00
110.8
  0.0
 63.0
  0.0
XAD
12:23:00
1.398
 44.5
234.7
comment
6, 30, ZC

