Dobson2
12
 1
2024
Nairobi
018
 -1.2710
 36.8030
1795
 820
26000
1.806
0.833
0.374
0.114
0.109
0.104
dN
-0.57
-0.63
-0.76
NTable
-42.3
-34.3
-26.1
-17.4
 -8.1
  1.8
 12.2
 23.0
 33.4
 43.7
 53.4
 63.0
 72.6
 82.4
 92.2
102.1
112.1
122.2
132.6
142.9
153.0
163.2
173.2
183.4
192.9
202.1
211.6
221.7
232.8
244.5
257.3

-40.8
-32.5
-24.2
-15.4
 -6.0
  4.2
 14.8
 25.6
 36.3
 46.5
 56.3
 65.9
 75.6
 85.3
 95.1
104.9
114.8
124.8
135.2
145.3
155.3
165.3
175.2
185.2
194.5
203.6
212.9
222.8
233.6
244.8
257.3

-40.2
-32.1
-23.7
-14.7
 -5.1
  5.1
 15.8
 26.8
 37.5
 47.8
 57.6
 67.3
 76.8
 86.5
 96.3
106.0
115.8
125.8
135.8
145.9
155.7
165.5
175.1
184.9
194.1
203.0
211.9
221.6
232.3
243.3
255.6

Zpoly
 379.6519520
-752.7688370
  12.2053801
4612.9711200
   2.6441876
-216.6516600
-147.9493570
   5.7369696
 857.3274680
  -0.0648987

 313.3267240
-454.8429170
  26.7887444
 242.4997490
   0.1722892
 -16.5982925
  -0.0252821
   0.1673670
 -24.8973557
  -0.0048503

   3.2205400
  -0.0017600
  -0.3425600
   0.0013400

   7.5146000
  -0.0041000
  -0.7993150
   0.0031400

  10.7351000
  -0.0058500
  -1.1418800
   0.0044800

  12.8822000
  -0.0070300
  -1.3702500
   0.0053800

  12.8822000
  -0.0070300
  -1.3702500
   0.0053800

   8.1011400
  -0.0074000
  -1.1134600
   0.0019000

  18.9027000
  -0.0172700
  -2.5980600
   0.0044400

  27.0038000
  -0.0246700
  -3.7115200
   0.0063400

  32.4046000
  -0.0296100
  -4.4538200
   0.0076000

  32.4046000
  -0.0296100
  -4.4538200
   0.0076000

EmpCor
   0.0000000
   0.0000000
   0.0000000

   0.0000000
   0.0000000
   0.0000000

   1.00000
   1.00000
   1.00000
   1.00000
   1.00000
   1.00000
   1.00000

   1.00000
   1.00000
   1.00000
   1.00000
   1.00000


ZC
006
ADADA
XA
08:15:00
100.2
  0.0
 53.0
  0.0
XD
08:15:30
 55.0
  0.0
  9.7
  0.0
XA
08:16:00
100.1
  0.0
 52.9
  0.0
XD
08:16:30
 55.0
  0.0
  9.7
  0.0
XA
08:17:00
100.4
  0.0
 53.2
  0.0
XAD
08:16:00
1.143
 29.1
235.1

comment
7, 30, ZC

ZC
006
ADADA
XA
08:16:00
100.4
  0.0
 53.2
  0.0
XD
08:16:30
 55.2
  0.0
  9.9
  0.0
XA
08:17:00
100.3
  0.0
 53.1
  0.0
XD
08:17:30
 55.4
  0.0
 10.1
  0.0
XA
08:18:00
100.2
  0.0
 53.0
  0.0
XAD
08:17:00
1.141
 28.9
234.5

comment
7, 30, ZC

ZC
006
ADADA
XA
08:17:00
100.2
  0.0
 53.0
  0.0
XD
08:17:30
 55.4
  0.0
 10.1
  0.0
XA
08:18:00
100.7
  0.0
 53.5
  0.0
XD
08:18:30
 55.5
  0.0
 10.2
  0.0
XA
08:19:00
100.6
  0.0
 53.4
  0.0
XAD
08:18:00
1.139
 28.7
234.8

comment
7, 30, ZC

ZC
006
ADADA
XA
08:18:00
100.6
  0.0
 53.4
  0.0
XD
08:18:30
 55.6
  0.0
 10.3
  0.0
XA
08:19:00
100.6
  0.0
 53.4
  0.0
XD
08:19:30
 55.5
  0.0
 10.2
  0.0
XA
08:20:00
100.7
  0.0
 53.5
  0.0
XAD
08:19:00
1.137
 28.5
235.1

comment
7, 30, ZC

ZC
006
ADADA
XA
11:08:00
100.8
  0.0
 53.6
  0.0
XD
11:08:30
 56.1
  0.0
 10.9
  0.0
XA
11:09:00
101.0
  0.0
 53.8
  0.0
XD
11:09:30
 56.1
  0.0
 10.9
  0.0
XA
11:10:00
101.1
  0.0
 53.9
  0.0
XAD
11:09:00
1.149
 29.6
233.2

comment
7, 30, ZC

ZC
006
ADADA
XA
11:10:00
101.1
  0.0
 53.9
  0.0
XD
11:10:30
 56.3
  0.0
 11.1
  0.0
XA
11:11:00
100.9
  0.0
 53.7
  0.0
XD
11:11:30
 56.1
  0.0
 10.9
  0.0
XA
11:12:00
100.8
  0.0
 53.6
  0.0
XAD
11:11:00
1.153
 30.0
232.7

comment
7, 30, ZC

ZC
006
ADADA
XA
11:11:00
100.8
  0.0
 53.6
  0.0
XD
11:11:30
 56.1
  0.0
 10.9
  0.0
XA
11:12:00
100.9
  0.0
 53.7
  0.0
XD
11:12:30
 56.2
  0.0
 11.0
  0.0
XA
11:13:00
100.8
  0.0
 53.6
  0.0
XAD
11:12:00
1.155
 30.1
232.5

comment
7, 30, ZC

ZC
006
ADADA
XA
11:12:00
100.8
  0.0
 53.6
  0.0
XD
11:12:30
 55.9
  0.0
 10.7
  0.0
XA
11:13:00
100.4
  0.0
 53.2
  0.0
XD
11:13:30
 55.5
  0.0
 10.2
  0.0
XA
11:14:00
100.4
  0.0
 53.2
  0.0
XAD
11:13:00
1.157
 30.3
232.6

comment
7, 30, ZC

DS
000
ADADA
XA
12:25:00
124.4
  0.0
 76.3
249.7
XD
12:25:30
 70.6
  0.0
 26.7
281.3
XA
12:26:00
124.7
  0.0
 76.6
249.7
XD
12:26:30
 70.6
  0.0
 26.7
279.4
XA
12:27:00
125.1
  0.0
 77.0
250.2
XAD
12:26:00
1.410
 45.0
241.9

comment
6, 30, CB

DS
000
ADADA
XA
12:26:00
125.1
  0.0
 77.0
251.3
XD
12:26:30
 70.5
  0.0
 26.6
277.4
XA
12:27:00
125.3
  0.0
 77.2
250.9
XD
12:27:30
 70.4
  0.0
 26.5
273.4
XA
12:28:00
125.2
  0.0
 77.1
249.4
XAD
12:27:00
1.415
 45.3
244.0

comment
6, 30, CB

DS
000
ADADA
XA
12:27:00
125.2
  0.0
 77.1
250.5
XD
12:27:30
 70.6
  0.0
 26.7
277.5
XA
12:28:00
125.2
  0.0
 77.1
249.4
XD
12:28:30
 70.5
  0.0
 26.6
273.6
XA
12:29:00
125.5
  0.0
 77.4
249.4
XAD
12:28:00
1.421
 45.5
243.1

comment
6, 30, CB

