Dobson2
16
 1
2024
Nairobi
018
 -1.2710
 36.8030
1795
 820
26000
1.806
0.833
0.374
0.114
0.109
0.104
dN
-0.57
-0.63
-0.76
NTable
-42.3
-34.3
-26.1
-17.4
 -8.1
  1.8
 12.2
 23.0
 33.4
 43.7
 53.4
 63.0
 72.6
 82.4
 92.2
102.1
112.1
122.2
132.6
142.9
153.0
163.2
173.2
183.4
192.9
202.1
211.6
221.7
232.8
244.5
257.3

-40.8
-32.5
-24.2
-15.4
 -6.0
  4.2
 14.8
 25.6
 36.3
 46.5
 56.3
 65.9
 75.6
 85.3
 95.1
104.9
114.8
124.8
135.2
145.3
155.3
165.3
175.2
185.2
194.5
203.6
212.9
222.8
233.6
244.8
257.3

-40.2
-32.1
-23.7
-14.7
 -5.1
  5.1
 15.8
 26.8
 37.5
 47.8
 57.6
 67.3
 76.8
 86.5
 96.3
106.0
115.8
125.8
135.8
145.9
155.7
165.5
175.1
184.9
194.1
203.0
211.9
221.6
232.3
243.3
255.6

Zpoly
 379.6519520
-752.7688370
  12.2053801
4612.9711200
   2.6441876
-216.6516600
-147.9493570
   5.7369696
 857.3274680
  -0.0648987

 313.3267240
-454.8429170
  26.7887444
 242.4997490
   0.1722892
 -16.5982925
  -0.0252821
   0.1673670
 -24.8973557
  -0.0048503

   3.2205400
  -0.0017600
  -0.3425600
   0.0013400

   7.5146000
  -0.0041000
  -0.7993150
   0.0031400

  10.7351000
  -0.0058500
  -1.1418800
   0.0044800

  12.8822000
  -0.0070300
  -1.3702500
   0.0053800

  12.8822000
  -0.0070300
  -1.3702500
   0.0053800

   8.1011400
  -0.0074000
  -1.1134600
   0.0019000

  18.9027000
  -0.0172700
  -2.5980600
   0.0044400

  27.0038000
  -0.0246700
  -3.7115200
   0.0063400

  32.4046000
  -0.0296100
  -4.4538200
   0.0076000

  32.4046000
  -0.0296100
  -4.4538200
   0.0076000

EmpCor
   0.0000000
   0.0000000
   0.0000000

   0.0000000
   0.0000000
   0.0000000

   1.00000
   1.00000
   1.00000
   1.00000
   1.00000
   1.00000
   1.00000

   1.00000
   1.00000
   1.00000
   1.00000
   1.00000


ZC
005
ADADA
XA
06:07:00
125.9
  0.0
 77.8
  0.0
XD
06:07:30
 58.4
  0.0
 13.3
  0.0
XA
06:08:00
122.4
  0.0
 74.4
  0.0
XD
06:08:30
 58.8
  0.0
 13.8
  0.0
XA
06:09:00
122.5
  0.0
 74.5
  0.0
XAD
06:08:00
1.765
 55.8
219.8
comment
6, 30, ZC

DS
000
ADADA
XA
11:10:00
107.0
  0.0
 59.5
237.4
XD
11:10:30
 65.1
  0.0
 20.6
257.5
XA
11:11:00
106.9
  0.0
 59.5
236.5
XD
11:11:30
 65.2
  0.0
 20.8
259.3
XA
11:12:00
107.0
  0.0
 59.5
236.4
XAD
11:11:00
1.145
 29.2
231.1
comment
5, 40, CB

DS
000
ADADA
XA
11:11:00
107.0
  0.0
 59.5
236.9
XD
11:11:30
 65.1
  0.0
 20.6
256.7
XA
11:12:00
106.9
  0.0
 59.5
236.0
XD
11:12:30
 65.2
  0.0
 20.8
258.4
XA
11:13:00
106.9
  0.0
 59.5
235.5
XAD
11:12:00
1.147
 29.4
230.5
comment
5, 40, CB

DS
000
ADADA
XA
11:13:00
106.9
  0.0
 59.5
235.5
XD
11:13:30
 65.0
  0.0
 20.5
252.4
XA
11:14:00
106.5
  0.0
 59.1
233.1
XD
11:14:30
 66.4
  0.0
 22.1
287.3
XA
11:15:00
108.4
  0.0
 60.9
241.3
XAD
11:14:00
1.151
 29.8
227.9
comment
5, 40, CB

DS
000
ADADA
XA
11:15:00
108.4
  0.0
 60.9
241.3
XD
11:15:30
 66.4
  0.0
 22.1
286.4
XA
11:16:00
108.0
  0.0
 60.5
239.0
XD
11:16:30
 65.9
  0.0
 21.5
272.7
XA
11:17:00
107.7
  0.0
 60.2
237.0
XAD
11:16:00
1.155
 30.2
228.6
comment
5, 40, CB

DS
000
ADADA
XA
08:19:00
106.1
  0.0
 58.7
235.2
XD
08:19:30
 65.3
  0.0
 20.9
266.9
XA
08:20:00
105.8
  0.0
 58.4
234.3
XD
08:20:30
 65.0
  0.0
 20.5
259.9
XA
08:21:00
105.5
  0.0
 58.1
233.4
XAD
08:20:00
1.133
 28.1
226.7
comment
5, 40, CB

DS
000
ADADA
XA
08:20:00
105.5
  0.0
 58.1
232.9
XD
08:20:30
 64.9
  0.0
 20.4
257.4
XA
08:21:00
105.9
  0.0
 58.5
235.2
XD
08:21:30
 65.1
  0.0
 20.6
263.3
XA
08:22:00
106.0
  0.0
 58.6
236.2
XAD
08:21:00
1.131
 28.0
228.1
comment
5, 40, CB

DS
000
ADADA
XA
08:22:00
106.0
  0.0
 58.6
236.2
XD
08:22:30
 65.2
  0.0
 20.8
266.7
XA
08:23:00
105.9
  0.0
 58.5
236.1
XD
08:23:30
 65.3
  0.0
 20.9
270.1
XA
08:24:00
105.9
  0.0
 58.5
236.6
XAD
08:23:00
1.128
 27.6
227.9
comment
5, 40, CB

DS
000
ADADA
XA
12:20:00
119.0
  0.0
 71.1
236.8
XD
12:20:30
 68.9
  0.0
 24.8
259.4
XA
12:21:00
119.1
  0.0
 71.2
236.1
XD
12:21:30
 68.5
  0.0
 24.4
249.1
XA
12:22:00
119.4
  0.0
 71.5
236.3
XAD
12:21:00
1.371
 43.4
231.7

comment
5, 40, CB

DS
000
ADADA
XA
12:25:00
119.4
  0.0
 71.5
233.2
XD
12:25:30
 68.5
  0.0
 24.4
242.3
XA
12:26:00
119.6
  0.0
 71.6
232.9
XD
12:26:30
 68.4
  0.0
 24.3
238.5
XA
12:27:00
119.3
  0.0
 71.4
230.7
XAD
12:26:00
1.396
 44.5
230.2

comment
5, 40, CB

DS
000
ADADA
XA
12:26:00
119.3
  0.0
 71.4
231.8
XD
12:26:30
 68.4
  0.0
 24.3
238.5
XA
12:27:00
119.6
  0.0
 71.6
231.9
XD
12:27:30
 68.1
  0.0
 23.9
230.4
XA
12:28:00
119.8
  0.0
 71.8
231.6
XAD
12:27:00
1.401
 44.7
231.0

comment
5, 40, CB

DS
000
ADADA
XA
12:28:00
119.8
  0.0
 71.8
231.6
XD
12:28:30
 68.0
  0.0
 23.8
226.6
XA
12:29:00
120.3
  0.0
 72.3
232.4
XD
12:29:30
 67.9
  0.0
 23.7
222.8
XA
12:30:00
120.5
  0.0
 72.5
232.1
XAD
12:29:00
1.412
 45.1
233.9

comment
5, 40, CB

