Dobson2
19
 1
2024
Nairobi
018
 -1.2710
 36.8030
1795
 820
26000
1.806
0.833
0.374
0.114
0.109
0.104
dN
-0.86
-0.62
-0.81
NTable
-42.3
-34.3
-26.1
-17.4
 -8.1
  1.8
 12.2
 23.0
 33.4
 43.7
 53.4
 63.0
 72.6
 82.4
 92.2
102.1
112.1
122.2
132.6
142.9
153.0
163.2
173.2
183.4
192.9
202.1
211.6
221.7
232.8
244.5
257.3

-40.8
-32.5
-24.2
-15.4
 -6.0
  4.2
 14.8
 25.6
 36.3
 46.5
 56.3
 65.9
 75.6
 85.3
 95.1
104.9
114.8
124.8
135.2
145.3
155.3
165.3
175.2
185.2
194.5
203.6
212.9
222.8
233.6
244.8
257.3

-40.2
-32.1
-23.7
-14.7
 -5.1
  5.1
 15.8
 26.8
 37.5
 47.8
 57.6
 67.3
 76.8
 86.5
 96.3
106.0
115.8
125.8
135.8
145.9
155.7
165.5
175.1
184.9
194.1
203.0
211.9
221.6
232.3
243.3
255.6

Zpoly
 379.6519520
-752.7688370
  12.2053801
4612.9711200
   2.6441876
-216.6516600
-147.9493570
   5.7369696
 857.3274680
  -0.0648987

 313.3267240
-454.8429170
  26.7887444
 242.4997490
   0.1722892
 -16.5982925
  -0.0252821
   0.1673670
 -24.8973557
  -0.0048503

   3.2205400
  -0.0017600
  -0.3425600
   0.0013400

   7.5146000
  -0.0041000
  -0.7993150
   0.0031400

  10.7351000
  -0.0058500
  -1.1418800
   0.0044800

  12.8822000
  -0.0070300
  -1.3702500
   0.0053800

  12.8822000
  -0.0070300
  -1.3702500
   0.0053800

   8.1011400
  -0.0074000
  -1.1134600
   0.0019000

  18.9027000
  -0.0172700
  -2.5980600
   0.0044400

  27.0038000
  -0.0246700
  -3.7115200
   0.0063400

  32.4046000
  -0.0296100
  -4.4538200
   0.0076000

  32.4046000
  -0.0296100
  -4.4538200
   0.0076000

EmpCor
   0.0000000
   0.0000000
   0.0000000

   0.0000000
   0.0000000
   0.0000000

   1.00000
   1.00000
   1.00000
   1.00000
   1.00000
   1.00000
   1.00000

   1.00000
   1.00000
   1.00000
   1.00000
   1.00000


DS
000
ADADA
XA
06:11:00
139.4
  0.0
 90.8
237.6
XD
06:11:30
 75.1
  0.0
 31.4
258.5
XA
06:12:00
139.4
  0.0
 90.8
239.2
XD
06:12:30
 75.0
  0.0
 31.3
259.6
XA
06:13:00
138.5
  0.0
 89.9
238.0
XAD
06:12:00
1.729
 55.0
232.8
comment
1, 40, CB

DS
000
ADADA
XA
06:13:00
138.5
  0.0
 89.9
238.0
XD
06:13:30
 74.0
  0.0
 30.3
245.6
XA
06:14:00
137.8
  0.0
 89.2
237.4
XD
06:14:30
 74.0
  0.0
 30.3
248.2
XA
06:15:00
137.9
  0.0
 89.3
239.3
XAD
06:14:00
1.710
 54.5
235.9
comment
1, 40, CB

DS
000
ADADA
XA
06:14:00
137.9
  0.0
 89.3
237.7
XD
06:14:30
 74.0
  0.0
 30.3
248.2
XA
06:15:00
137.6
  0.0
 89.0
238.3
XD
06:15:30
 74.1
  0.0
 30.4
252.5
XA
06:16:00
137.1
  0.0
 88.5
238.3
XAD
06:15:00
1.701
 54.3
234.9
comment
1, 40, CB

DS
000
ADADA
XA
06:15:00
137.1
  0.0
 88.5
236.7
XD
06:15:30
 74.6
  0.0
 30.9
260.9
XA
06:16:00
137.4
  0.0
 88.8
239.2
XD
06:16:30
 73.5
  0.0
 29.7
244.9
XA
06:17:00
136.8
  0.0
 88.2
238.8
XAD
06:16:00
1.692
 54.1
234.4
comment
1, 40, CB

DS
000
ADADA
XA
08:18:00
107.9
  0.0
 60.1
242.4
XD
08:18:30
 66.0
  0.0
 21.6
284.1
XA
08:19:00
107.9
  0.0
 60.1
242.8
XD
08:19:30
 65.9
  0.0
 21.5
282.4
XA
08:20:00
107.4
  0.0
 59.6
241.0
XAD
08:19:00
1.132
 28.1
231.3
comment
2, 40, CB

DS
000
ADADA
XA
08:20:00
107.4
  0.0
 59.6
241.0
XD
08:20:30
 65.8
  0.0
 21.4
280.6
XA
08:21:00
107.3
  0.0
 59.5
241.0
XD
08:21:30
 65.8
  0.0
 21.4
281.4
XA
08:22:00
107.0
  0.0
 59.3
240.0
XAD
08:21:00
1.129
 27.7
230.1
comment
2, 40, CB

DS
000
ADADA
XA
11:29:00
110.4
  0.0
 62.5
242.6
XD
11:29:30
 66.0
  0.0
 21.6
264.0
XA
11:30:00
110.4
  0.0
 62.5
242.0
XD
11:30:30
 66.0
  0.0
 21.6
262.9
XA
11:31:00
110.6
  0.0
 62.7
242.2
XAD
11:30:00
1.181
 32.3
236.7
comment
3, 40, CB

DS
000
ADADA
XA
11:31:00
110.6
  0.0
 62.7
242.2
XD
11:31:30
 66.1
  0.0
 21.7
264.3
XA
11:32:00
110.6
  0.0
 62.7
241.6
XD
11:32:30
 66.4
  0.0
 22.0
270.7
XA
11:33:00
110.9
  0.0
 63.0
242.3
XAD
11:32:00
1.186
 32.7
235.4
comment
3, 40, CB

DS
000
ADADA
XA
11:32:00
110.9
  0.0
 63.0
242.9
XD
11:32:30
 66.2
  0.0
 21.8
265.7
XA
11:33:00
110.6
  0.0
 62.7
240.9
XD
11:33:30
 66.2
  0.0
 21.8
264.6
XA
11:34:00
110.2
  0.0
 62.3
238.5
XAD
11:33:00
1.189
 32.9
234.4
comment
3, 40, CB

DS
000
ADADA
XA
12:19:00
119.3
  0.0
 71.1
239.8
XD
12:19:30
 68.7
  0.0
 24.6
259.2
XA
12:20:00
119.2
  0.0
 71.0
238.4
XD
12:20:30
 68.6
  0.0
 24.4
255.3
XA
12:21:00
119.1
  0.0
 70.9
237.0
XAD
12:20:00
1.357
 42.7
233.5
comment
4, 40, CB

DS
000
ADADA
XA
12:20:00
119.1
  0.0
 70.9
238.0
XD
12:20:30
 68.6
  0.0
 24.4
255.3
XA
12:21:00
119.4
  0.0
 71.2
238.2
XD
12:21:30
 68.5
  0.0
 24.3
251.5
XA
12:22:00
119.5
  0.0
 71.3
237.5
XAD
12:21:00
1.362
 42.9
233.8
comment
4, 40, CB

DS
000
ADADA
XA
12:21:00
119.5
  0.0
 71.3
238.6
XD
12:21:30
 68.6
  0.0
 24.4
253.6
XA
12:22:00
120.0
  0.0
 71.7
239.5
XD
12:22:30
 68.5
  0.0
 24.3
249.8
XA
12:23:00
120.1
  0.0
 71.8
238.8
XAD
12:22:00
1.367
 43.2
235.6
comment
4, 40, CB

DS
000
ADADA
XA
12:23:00
120.1
  0.0
 71.8
238.8
XD
12:23:30
 68.6
  0.0
 24.4
250.2
XA
12:24:00
120.4
  0.0
 72.1
239.0
XD
12:24:30
 68.7
  0.0
 24.6
250.7
XA
12:25:00
120.4
  0.0
 72.1
237.9
XAD
12:24:00
1.376
 43.6
235.5
comment
4, 40, CB

