Dobson2
22
 1
2024
Nairobi
018
 -1.2710
 36.8030
1795
 820
26000
1.806
0.833
0.374
0.114
0.109
0.104
dN
-0.86
-0.62
-0.81
NTable
-42.3
-34.3
-26.1
-17.4
 -8.1
  1.8
 12.2
 23.0
 33.4
 43.7
 53.4
 63.0
 72.6
 82.4
 92.2
102.1
112.1
122.2
132.6
142.9
153.0
163.2
173.2
183.4
192.9
202.1
211.6
221.7
232.8
244.5
257.3

-40.8
-32.5
-24.2
-15.4
 -6.0
  4.2
 14.8
 25.6
 36.3
 46.5
 56.3
 65.9
 75.6
 85.3
 95.1
104.9
114.8
124.8
135.2
145.3
155.3
165.3
175.2
185.2
194.5
203.6
212.9
222.8
233.6
244.8
257.3

-40.2
-32.1
-23.7
-14.7
 -5.1
  5.1
 15.8
 26.8
 37.5
 47.8
 57.6
 67.3
 76.8
 86.5
 96.3
106.0
115.8
125.8
135.8
145.9
155.7
165.5
175.1
184.9
194.1
203.0
211.9
221.6
232.3
243.3
255.6

Zpoly
 379.6519520
-752.7688370
  12.2053801
4612.9711200
   2.6441876
-216.6516600
-147.9493570
   5.7369696
 857.3274680
  -0.0648987

 313.3267240
-454.8429170
  26.7887444
 242.4997490
   0.1722892
 -16.5982925
  -0.0252821
   0.1673670
 -24.8973557
  -0.0048503

   3.2205400
  -0.0017600
  -0.3425600
   0.0013400

   7.5146000
  -0.0041000
  -0.7993150
   0.0031400

  10.7351000
  -0.0058500
  -1.1418800
   0.0044800

  12.8822000
  -0.0070300
  -1.3702500
   0.0053800

  12.8822000
  -0.0070300
  -1.3702500
   0.0053800

   8.1011400
  -0.0074000
  -1.1134600
   0.0019000

  18.9027000
  -0.0172700
  -2.5980600
   0.0044400

  27.0038000
  -0.0246700
  -3.7115200
   0.0063400

  32.4046000
  -0.0296100
  -4.4538200
   0.0076000

  32.4046000
  -0.0296100
  -4.4538200
   0.0076000

EmpCor
   0.0000000
   0.0000000
   0.0000000

   0.0000000
   0.0000000
   0.0000000

   1.00000
   1.00000
   1.00000
   1.00000
   1.00000
   1.00000
   1.00000

   1.00000
   1.00000
   1.00000
   1.00000
   1.00000


ZC
006
ADADA
XA
06:06:00
126.8
  0.0
 78.4
  0.0
XD
06:06:30
 58.1
  0.0
 13.0
  0.0
XA
06:07:00
127.0
  0.0
 78.6
  0.0
XD
06:07:30
 59.0
  0.0
 13.9
  0.0
XA
06:08:00
125.6
  0.0
 77.2
  0.0
XAD
06:07:00
1.782
 56.2
227.7
comment
7, 30, ZC

ZC
006
ADADA
XA
06:08:00
125.6
  0.0
 77.2
  0.0
XD
06:08:30
 57.5
  0.0
 12.3
  0.0
XA
06:09:00
124.7
  0.0
 76.3
  0.0
XD
06:09:30
 56.7
  0.0
 11.5
  0.0
XA
06:10:00
125.8
  0.0
 77.4
  0.0
XAD
06:09:00
1.761
 55.7
235.9
comment
7, 30, ZC

ZC
006
ADADA
XA
06:10:00
125.8
  0.0
 77.4
  0.0
XD
06:10:30
 60.1
  0.0
 15.1
  0.0
XA
06:11:00
129.5
  0.0
 81.1
  0.0
XD
06:11:30
 61.4
  0.0
 16.5
  0.0
XA
06:12:00
128.4
  0.0
 80.0
  0.0
XAD
06:11:00
1.741
 55.3
231.7
comment
7, 30, ZC

ZC
006
ADADA
XA
06:11:00
128.9
  0.0
 80.5
  0.0
XD
06:11:30
 60.8
  0.0
 15.9
  0.0
XA
06:12:00
129.1
  0.0
 80.7
  0.0
XD
06:12:30
 60.7
  0.0
 15.8
  0.0
XA
06:13:00
128.6
  0.0
 80.2
  0.0
XAD
06:12:00
1.732
 55.0
239.6
comment
7, 30, ZC

DS
000
ADADA
XA
08:10:00
109.4
  0.0
 61.6
245.8
XD
08:10:30
 66.0
  0.0
 21.6
278.1
XA
08:11:00
109.2
  0.0
 61.4
245.5
XD
08:11:30
 66.1
  0.0
 21.7
281.6
XA
08:12:00
109.0
  0.0
 61.2
245.1
XAD
08:11:00
1.146
 29.3
236.5
comment
6, 35, CB

DS
000
ADADA
XA
08:12:00
109.0
  0.0
 61.2
245.1
XD
08:12:30
 66.0
  0.0
 21.6
280.0
XA
08:13:00
109.2
  0.0
 61.4
246.5
XD
08:13:30
 66.2
  0.0
 21.8
286.0
XA
08:14:00
108.9
  0.0
 61.1
245.7
XAD
08:13:00
1.142
 29.0
236.0
comment
6, 35, CB

DS
000
ADADA
XA
08:14:00
108.9
  0.0
 61.1
245.7
XD
08:14:30
 66.1
  0.0
 21.7
284.4
XA
08:15:00
108.8
  0.0
 61.0
245.7
XD
08:15:30
 66.0
  0.0
 21.6
282.7
XA
08:16:00
108.7
  0.0
 60.9
245.8
XAD
08:15:00
1.138
 28.6
235.9
comment
6, 35, CB

ZC
005
ADADA
XA
11:17:00
 99.8
  0.0
 52.3
  0.0
XD
11:17:30
 55.0
  0.0
  9.6
  0.0
XA
11:18:00
100.4
  0.0
 52.9
  0.0
XD
11:18:30
 54.9
  0.0
  9.5
  0.0
XA
11:19:00
 99.8
  0.0
 52.3
  0.0
XAD
11:18:00
1.147
 29.4
235.3
comment
6, 30, ZC

ZC
005
ADADA
XA
11:18:00
100.9
  0.0
 53.4
  0.0
XD
11:18:30
 54.6
  0.0
  9.2
  0.0
XA
11:19:00
100.2
  0.0
 52.7
  0.0
XD
11:19:30
 54.1
  0.0
  8.7
  0.0
XA
11:20:00
 99.8
  0.0
 52.3
  0.0
XAD
11:19:00
1.149
 29.6
237.8
comment
6, 30, ZC

ZC
005
ADADA
XA
11:20:00
100.1
  0.0
 52.6
  0.0
XD
11:20:30
 55.3
  0.0
 10.0
  0.0
XA
11:21:00
 99.4
  0.0
 52.0
  0.0
XD
11:21:30
 53.3
  0.0
  7.8
  0.0
XA
11:22:00
 99.8
  0.0
 52.3
  0.0
XAD
11:21:00
1.153
 30.0
235.9
comment
6, 30, ZC

ZC
005
ADADA
XA
11:22:00
 99.8
  0.0
 52.3
  0.0
XD
11:22:30
 52.8
  0.0
  7.3
  0.0
XA
11:23:00
 98.8
  0.0
 51.4
  0.0
XD
11:23:30
 55.2
  0.0
  9.9
  0.0
XA
11:24:00
101.4
  0.0
 53.9
  0.0
XAD
11:23:00
1.158
 30.4
237.0
comment
6, 30, ZC

ZC
006
ADADA
XA
12:12:00
109.2
  0.0
 61.4
  0.0
XD
12:12:30
 57.1
  0.0
 11.9
  0.0
XA
12:13:00
108.9
  0.0
 61.1
  0.0
XD
12:13:30
 57.4
  0.0
 12.2
  0.0
XA
12:14:00
108.7
  0.0
 60.9
  0.0
XAD
12:13:00
1.317
 40.8
234.0
comment
7, 30, ZC

ZC
006
ADADA
XA
12:14:00
108.7
  0.0
 60.9
  0.0
XD
12:14:30
 57.5
  0.0
 12.3
  0.0
XA
12:15:00
109.3
  0.0
 61.5
  0.0
XD
12:15:30
 57.6
  0.0
 12.4
  0.0
XA
12:16:00
109.1
  0.0
 61.3
  0.0
XAD
12:15:00
1.325
 41.2
232.9
comment
7, 30, ZC

ZC
006
ADADA
XA
12:18:00
109.1
  0.0
 61.3
  0.0
XD
12:18:30
 57.9
  0.0
 12.7
  0.0
XA
12:19:00
109.9
  0.0
 62.0
  0.0
XD
12:19:30
 57.9
  0.0
 12.7
  0.0
XA
12:20:00
110.5
  0.0
 62.6
  0.0
XAD
12:19:00
1.343
 42.1
232.6
comment
7, 30, ZC

ZC
006
ADADA
XA
12:22:00
110.5
  0.0
 62.6
  0.0
XD
12:22:30
 56.8
  0.0
 11.6
  0.0
XA
12:23:00
110.1
  0.0
 62.2
  0.0
XD
12:23:30
 57.6
  0.0
 12.4
  0.0
XA
12:24:00
109.6
  0.0
 61.8
  0.0
XAD
12:23:00
1.362
 43.0
233.2
comment
7, 30, ZC

