Dobson2
23
 1
2024
Nairobi
018
 -1.2710
 36.8030
1795
 820
26000
1.806
0.833
0.374
0.114
0.109
0.104
dN
-0.86
-0.62
-0.81
NTable
-42.3
-34.3
-26.1
-17.4
 -8.1
  1.8
 12.2
 23.0
 33.4
 43.7
 53.4
 63.0
 72.6
 82.4
 92.2
102.1
112.1
122.2
132.6
142.9
153.0
163.2
173.2
183.4
192.9
202.1
211.6
221.7
232.8
244.5
257.3

-40.8
-32.5
-24.2
-15.4
 -6.0
  4.2
 14.8
 25.6
 36.3
 46.5
 56.3
 65.9
 75.6
 85.3
 95.1
104.9
114.8
124.8
135.2
145.3
155.3
165.3
175.2
185.2
194.5
203.6
212.9
222.8
233.6
244.8
257.3

-40.2
-32.1
-23.7
-14.7
 -5.1
  5.1
 15.8
 26.8
 37.5
 47.8
 57.6
 67.3
 76.8
 86.5
 96.3
106.0
115.8
125.8
135.8
145.9
155.7
165.5
175.1
184.9
194.1
203.0
211.9
221.6
232.3
243.3
255.6

Zpoly
 379.6519520
-752.7688370
  12.2053801
4612.9711200
   2.6441876
-216.6516600
-147.9493570
   5.7369696
 857.3274680
  -0.0648987

 313.3267240
-454.8429170
  26.7887444
 242.4997490
   0.1722892
 -16.5982925
  -0.0252821
   0.1673670
 -24.8973557
  -0.0048503

   3.2205400
  -0.0017600
  -0.3425600
   0.0013400

   7.5146000
  -0.0041000
  -0.7993150
   0.0031400

  10.7351000
  -0.0058500
  -1.1418800
   0.0044800

  12.8822000
  -0.0070300
  -1.3702500
   0.0053800

  12.8822000
  -0.0070300
  -1.3702500
   0.0053800

   8.1011400
  -0.0074000
  -1.1134600
   0.0019000

  18.9027000
  -0.0172700
  -2.5980600
   0.0044400

  27.0038000
  -0.0246700
  -3.7115200
   0.0063400

  32.4046000
  -0.0296100
  -4.4538200
   0.0076000

  32.4046000
  -0.0296100
  -4.4538200
   0.0076000

EmpCor
   0.0000000
   0.0000000
   0.0000000

   0.0000000
   0.0000000
   0.0000000

   1.00000
   1.00000
   1.00000
   1.00000
   1.00000
   1.00000
   1.00000

   1.00000
   1.00000
   1.00000
   1.00000
   1.00000


DS
000
ADADA
XA
06:08:00
142.6
  0.0
 93.9
242.1
XD
06:08:30
 75.0
  0.0
 31.3
247.8
XA
06:09:00
141.9
  0.0
 93.2
241.6
XD
06:09:30
 75.1
  0.0
 31.4
252.2
XA
06:10:00
142.2
  0.0
 93.5
244.2
XAD
06:09:00
1.762
 55.7
240.7

comment
6, 30, CB

DS
000
ADADA
XA
06:09:00
142.2
  0.0
 93.5
242.5
XD
06:09:30
 75.0
  0.0
 31.3
250.6
XA
06:10:00
141.9
  0.0
 93.2
243.3
XD
06:10:30
 75.0
  0.0
 31.3
253.4
XA
06:11:00
141.6
  0.0
 92.9
244.0
XAD
06:10:00
1.752
 55.5
241.0

comment
6, 30, CB

DS
000
ADADA
XA
06:10:00
141.6
  0.0
 92.9
242.3
XD
06:10:30
 74.9
  0.0
 31.2
251.7
XA
06:11:00
141.5
  0.0
 92.8
243.7
XD
06:11:30
 75.0
  0.0
 31.3
256.1
XA
06:12:00
141.2
  0.0
 92.5
244.4
XAD
06:11:00
1.742
 55.3
240.8

comment
6, 30, CB

DS
000
ADADA
XA
06:11:00
141.2
  0.0
 92.5
242.8
XD
06:11:30
 74.8
  0.0
 31.1
252.8
XA
06:12:00
140.9
  0.0
 92.2
243.5
XD
06:12:30
 74.6
  0.0
 30.9
252.2
XA
06:13:00
140.9
  0.0
 92.2
245.1
XAD
06:12:00
1.732
 55.0
241.5

comment
6, 30, CB

ZC
005
ADADA
XA
08:10:00
 94.5
  0.0
 47.2
  0.0
XD
08:10:30
 50.3
  0.0
  4.6
  0.0
XA
08:11:00
 94.5
  0.0
 47.2
  0.0
XD
08:11:30
 50.4
  0.0
  4.7
  0.0
XA
08:12:00
 94.2
  0.0
 46.9
  0.0
XAD
08:11:00
1.145
 29.3
234.5

comment
6, 30, ZC

ZC
005
ADADA
XA
08:12:00
 94.2
  0.0
 46.9
  0.0
XD
08:12:30
 49.8
  0.0
  4.1
  0.0
XA
08:13:00
 94.0
  0.0
 46.7
  0.0
XD
08:13:30
 50.0
  0.0
  4.3
  0.0
XA
08:14:00
 93.8
  0.0
 46.5
  0.0
XAD
08:13:00
1.141
 28.9
234.9

comment
6, 30, ZC

ZC
005
ADADA
XA
08:13:00
 93.8
  0.0
 46.5
  0.0
XD
08:13:30
 49.1
  0.0
  3.4
  0.0
XA
08:14:00
 93.0
  0.0
 45.8
  0.0
XD
08:14:30
 48.9
  0.0
  3.2
  0.0
XA
08:15:00
 93.1
  0.0
 45.8
  0.0
XAD
08:14:00
1.139
 28.7
235.6

comment
6, 30, ZC

ZC
005
ADADA
XA
11:07:00
 97.3
  0.0
 49.9
  0.0
XD
11:07:30
 53.0
  0.0
  7.5
  0.0
XA
11:08:00
 97.5
  0.0
 50.1
  0.0
XD
11:08:30
 53.1
  0.0
  7.6
  0.0
XA
11:09:00
 97.8
  0.0
 50.4
  0.0
XAD
11:08:00
1.125
 27.4
236.6

comment
6, 30, ZC

ZC
005
ADADA
XA
11:08:00
 97.8
  0.0
 50.4
  0.0
XD
11:08:30
 52.9
  0.0
  7.4
  0.0
XA
11:09:00
 97.4
  0.0
 50.0
  0.0
XD
11:09:30
 52.7
  0.0
  7.2
  0.0
XA
11:10:00
 97.3
  0.0
 49.9
  0.0
XAD
11:09:00
1.127
 27.6
237.1

comment
6, 30, ZC

ZC
005
ADADA
XA
11:09:00
 97.3
  0.0
 49.9
  0.0
XD
11:09:30
 52.9
  0.0
  7.4
  0.0
XA
11:10:00
 97.9
  0.0
 50.5
  0.0
XD
11:10:30
 54.1
  0.0
  8.7
  0.0
XA
11:11:00
 98.2
  0.0
 50.8
  0.0
XAD
11:10:00
1.129
 27.7
235.6

comment
6, 30, ZC

ZC
005
ADADA
XA
11:10:00
 98.2
  0.0
 50.8
  0.0
XD
11:10:30
 54.4
  0.0
  9.0
  0.0
XA
11:11:00
 98.6
  0.0
 51.2
  0.0
XD
11:11:30
 54.9
  0.0
  9.5
  0.0
XA
11:12:00
 98.7
  0.0
 51.3
  0.0
XAD
11:11:00
1.131
 27.9
234.4

comment
6, 30, ZC

ZC
005
ADADA
XA
12:16:00
107.5
  0.0
 59.7
  0.0
XD
12:16:30
 57.2
  0.0
 12.0
  0.0
XA
12:17:00
107.3
  0.0
 59.5
  0.0
XD
12:17:30
 56.5
  0.0
 11.2
  0.0
XA
12:18:00
105.3
  0.0
 57.6
  0.0
XAD
12:17:00
1.331
 41.5
234.2

comment
6, 30, ZC

ZC
005
ADADA
XA
12:17:00
105.3
  0.0
 57.6
  0.0
XD
12:17:30
 51.7
  0.0
  6.1
  0.0
XA
12:18:00
102.6
  0.0
 55.0
  0.0
XD
12:18:30
 51.6
  0.0
  6.0
  0.0
XA
12:19:00
103.1
  0.0
 55.5
  0.0
XAD
12:18:00
1.336
 41.7
236.7

comment
6, 30, ZC

ZC
005
ADADA
XA
12:18:00
103.1
  0.0
 55.5
  0.0
XD
12:18:30
 51.4
  0.0
  5.8
  0.0
XA
12:19:00
103.0
  0.0
 55.4
  0.0
XD
12:19:30
 51.6
  0.0
  6.0
  0.0
XA
12:20:00
104.0
  0.0
 56.4
  0.0
XAD
12:19:00
1.340
 41.9
235.9

comment
6, 30, ZC

ZC
005
ADADA
XA
12:20:00
104.0
  0.0
 56.4
  0.0
XD
12:20:30
 50.9
  0.0
  5.3
  0.0
XA
12:21:00
102.6
  0.0
 55.0
  0.0
XD
12:21:30
 50.8
  0.0
  5.1
  0.0
XA
12:22:00
102.9
  0.0
 55.3
  0.0
XAD
12:21:00
1.350
 42.4
236.5

comment
6, 30, ZC

