Dobson2
24
 1
2024
Nairobi
018
 -1.2710
 36.8030
1795
 820
26000
1.806
0.833
0.374
0.114
0.109
0.104
dN
-0.86
-0.62
-0.81
NTable
-42.3
-34.3
-26.1
-17.4
 -8.1
  1.8
 12.2
 23.0
 33.4
 43.7
 53.4
 63.0
 72.6
 82.4
 92.2
102.1
112.1
122.2
132.6
142.9
153.0
163.2
173.2
183.4
192.9
202.1
211.6
221.7
232.8
244.5
257.3

-40.8
-32.5
-24.2
-15.4
 -6.0
  4.2
 14.8
 25.6
 36.3
 46.5
 56.3
 65.9
 75.6
 85.3
 95.1
104.9
114.8
124.8
135.2
145.3
155.3
165.3
175.2
185.2
194.5
203.6
212.9
222.8
233.6
244.8
257.3

-40.2
-32.1
-23.7
-14.7
 -5.1
  5.1
 15.8
 26.8
 37.5
 47.8
 57.6
 67.3
 76.8
 86.5
 96.3
106.0
115.8
125.8
135.8
145.9
155.7
165.5
175.1
184.9
194.1
203.0
211.9
221.6
232.3
243.3
255.6

Zpoly
 379.6519520
-752.7688370
  12.2053801
4612.9711200
   2.6441876
-216.6516600
-147.9493570
   5.7369696
 857.3274680
  -0.0648987

 313.3267240
-454.8429170
  26.7887444
 242.4997490
   0.1722892
 -16.5982925
  -0.0252821
   0.1673670
 -24.8973557
  -0.0048503

   3.2205400
  -0.0017600
  -0.3425600
   0.0013400

   7.5146000
  -0.0041000
  -0.7993150
   0.0031400

  10.7351000
  -0.0058500
  -1.1418800
   0.0044800

  12.8822000
  -0.0070300
  -1.3702500
   0.0053800

  12.8822000
  -0.0070300
  -1.3702500
   0.0053800

   8.1011400
  -0.0074000
  -1.1134600
   0.0019000

  18.9027000
  -0.0172700
  -2.5980600
   0.0044400

  27.0038000
  -0.0246700
  -3.7115200
   0.0063400

  32.4046000
  -0.0296100
  -4.4538200
   0.0076000

  32.4046000
  -0.0296100
  -4.4538200
   0.0076000

EmpCor
   0.0000000
   0.0000000
   0.0000000

   0.0000000
   0.0000000
   0.0000000

   1.00000
   1.00000
   1.00000
   1.00000
   1.00000
   1.00000
   1.00000

   1.00000
   1.00000
   1.00000
   1.00000
   1.00000


DS
000
ADADA
XA
06:08:00
142.5
  0.0
 93.8
241.7
XD
06:08:30
 75.5
  0.0
 31.9
255.8
XA
06:09:00
142.0
  0.0
 93.3
241.8
XD
06:09:30
 75.5
  0.0
 31.9
258.6
XA
06:10:00
142.0
  0.0
 93.3
243.5
XAD
06:09:00
1.762
 55.7
238.5
comment
3, 30, CB

DS
000
ADADA
XA
06:10:00
142.0
  0.0
 93.3
243.5
XD
06:10:30
 75.5
  0.0
 31.9
261.4
XA
06:11:00
141.0
  0.0
 92.3
242.1
XD
06:11:30
 75.4
  0.0
 31.8
262.6
XA
06:12:00
141.0
  0.0
 92.3
243.7
XAD
06:11:00
1.742
 55.3
238.2
comment
3, 30, CB

DS
000
ADADA
XA
06:11:00
141.0
  0.0
 92.3
242.1
XD
06:11:30
 75.0
  0.0
 31.3
256.0
XA
06:12:00
140.8
  0.0
 92.1
243.1
XD
06:12:30
 75.0
  0.0
 31.3
258.8
XA
06:13:00
140.0
  0.0
 91.3
242.2
XAD
06:12:00
1.732
 55.1
238.6
comment
3, 30, CB

DS
000
ADADA
XA
06:13:00
140.0
  0.0
 91.3
242.2
XD
06:13:30
 74.8
  0.0
 31.1
258.2
XA
06:14:00
139.4
  0.0
 90.8
242.0
XD
06:14:30
 74.6
  0.0
 30.9
257.5
XA
06:15:00
139.6
  0.0
 90.9
244.2
XAD
06:14:00
1.713
 54.6
238.9
comment
3, 30, CB

DS
000
ADADA
XA
08:14:00
107.5
  0.0
 59.7
239.6
XD
08:14:30
 65.5
  0.0
 21.0
269.7
XA
08:15:00
108.0
  0.0
 60.2
242.5
XD
08:15:30
 65.0
  0.0
 20.5
257.6
XA
08:16:00
106.5
  0.0
 58.8
236.0
XAD
08:15:00
1.136
 28.4
233.0
comment
3, 30, CB

DS
000
ADADA
XA
08:18:00
106.5
  0.0
 58.8
237.0
XD
08:18:30
 65.0
  0.0
 20.5
260.2
XA
08:19:00
107.5
  0.0
 59.7
242.2
XD
08:19:30
 65.0
  0.0
 20.5
261.0
XA
08:20:00
106.5
  0.0
 58.8
238.0
XAD
08:19:00
1.128
 27.7
233.4
comment
3, 30, CB

DS
000
ADADA
XA
11:16:00
118.0
  0.0
 69.8
288.5
XD
11:16:30
 69.5
  0.0
 25.4
371.7
XA
11:17:00
118.0
  0.0
 69.8
287.8
XD
11:17:30
 69.6
  0.0
 25.5
373.2
XA
11:18:00
118.0
  0.0
 69.8
287.2
XAD
11:17:00
1.141
 28.9
265.7
comment
4, 35, CB

DS
000
ADADA
XA
11:17:00
118.0
  0.0
 69.8
287.8
XD
11:17:30
 69.5
  0.0
 25.4
370.6
XA
11:18:00
118.0
  0.0
 69.8
287.2
XD
11:18:30
 69.5
  0.0
 25.4
369.5
XA
11:19:00
118.2
  0.0
 70.0
287.5
XAD
11:18:00
1.143
 29.1
266.0
comment
4, 35, CB

DS
000
ADADA
XA
11:19:00
118.2
  0.0
 70.0
287.5
XD
11:19:30
 69.6
  0.0
 25.5
371.0
XA
11:20:00
118.4
  0.0
 70.2
287.8
XD
11:20:30
 69.8
  0.0
 25.8
375.0
XA
11:21:00
118.6
  0.0
 70.4
288.1
XAD
11:20:00
1.147
 29.4
265.6
comment
4, 35, CB

DS
000
ADADA
XA
12:20:00
116.5
  0.0
 68.4
230.9
XD
12:20:30
 68.5
  0.0
 24.3
258.6
XA
12:21:00
117.0
  0.0
 68.9
231.9
XD
12:21:30
 68.5
  0.0
 24.3
256.9
XA
12:22:00
118.5
  0.0
 70.3
236.9
XAD
12:21:00
1.347
 42.2
226.9
comment
4, 35, CB

DS
000
ADADA
XA
12:22:00
118.5
  0.0
 70.3
236.9
XD
12:22:30
 68.5
  0.0
 24.3
255.2
XA
12:23:00
118.0
  0.0
 69.8
233.9
XD
12:23:30
 68.5
  0.0
 24.3
253.5
XA
12:24:00
118.0
  0.0
 69.8
232.9
XAD
12:23:00
1.356
 42.7
229.4
comment
4, 35, CB

DS
000
ADADA
XA
12:26:00
118.0
  0.0
 69.8
230.9
XD
12:26:30
 69.0
  0.0
 24.9
259.1
XA
12:27:00
120.0
  0.0
 71.7
237.6
XD
12:27:30
 69.0
  0.0
 24.9
257.3
XA
12:28:00
120.0
  0.0
 71.7
236.5
XAD
12:27:00
1.376
 43.6
228.9
comment
4, 35, CB

DS
000
ADADA
XA
12:27:00
120.0
  0.0
 71.7
237.6
XD
12:27:30
 69.0
  0.0
 24.9
257.3
XA
12:28:00
120.5
  0.0
 72.2
238.5
XD
12:28:30
 69.0
  0.0
 24.9
255.5
XA
12:29:00
121.0
  0.0
 72.7
239.4
XAD
12:28:00
1.381
 43.8
233.8
comment
4, 35, CB

DS
000
ADADA
XA
08:20:00
106.5
  0.0
 58.8
238.0
XD
08:20:30
 64.0
  0.0
 19.4
235.6
XA
08:21:00
105.5
  0.0
 57.8
233.7
XD
08:21:30
 63.5
  0.0
 18.8
223.3
XA
08:22:00
104.5
  0.0
 56.9
229.4
XAD
08:21:00
1.124
 27.3
234.8
comment
3, 30, CB

