Dobson2
25
 1
2024
Nairobi
018
 -1.2710
 36.8030
1795
 820
26000
1.806
0.833
0.374
0.114
0.109
0.104
dN
-0.86
-0.62
-0.81
NTable
-42.3
-34.3
-26.1
-17.4
 -8.1
  1.8
 12.2
 23.0
 33.4
 43.7
 53.4
 63.0
 72.6
 82.4
 92.2
102.1
112.1
122.2
132.6
142.9
153.0
163.2
173.2
183.4
192.9
202.1
211.6
221.7
232.8
244.5
257.3

-40.8
-32.5
-24.2
-15.4
 -6.0
  4.2
 14.8
 25.6
 36.3
 46.5
 56.3
 65.9
 75.6
 85.3
 95.1
104.9
114.8
124.8
135.2
145.3
155.3
165.3
175.2
185.2
194.5
203.6
212.9
222.8
233.6
244.8
257.3

-40.2
-32.1
-23.7
-14.7
 -5.1
  5.1
 15.8
 26.8
 37.5
 47.8
 57.6
 67.3
 76.8
 86.5
 96.3
106.0
115.8
125.8
135.8
145.9
155.7
165.5
175.1
184.9
194.1
203.0
211.9
221.6
232.3
243.3
255.6

Zpoly
 379.6519520
-752.7688370
  12.2053801
4612.9711200
   2.6441876
-216.6516600
-147.9493570
   5.7369696
 857.3274680
  -0.0648987

 313.3267240
-454.8429170
  26.7887444
 242.4997490
   0.1722892
 -16.5982925
  -0.0252821
   0.1673670
 -24.8973557
  -0.0048503

   3.2205400
  -0.0017600
  -0.3425600
   0.0013400

   7.5146000
  -0.0041000
  -0.7993150
   0.0031400

  10.7351000
  -0.0058500
  -1.1418800
   0.0044800

  12.8822000
  -0.0070300
  -1.3702500
   0.0053800

  12.8822000
  -0.0070300
  -1.3702500
   0.0053800

   8.1011400
  -0.0074000
  -1.1134600
   0.0019000

  18.9027000
  -0.0172700
  -2.5980600
   0.0044400

  27.0038000
  -0.0246700
  -3.7115200
   0.0063400

  32.4046000
  -0.0296100
  -4.4538200
   0.0076000

  32.4046000
  -0.0296100
  -4.4538200
   0.0076000

EmpCor
   0.0000000
   0.0000000
   0.0000000

   0.0000000
   0.0000000
   0.0000000

   1.00000
   1.00000
   1.00000
   1.00000
   1.00000
   1.00000
   1.00000

   1.00000
   1.00000
   1.00000
   1.00000
   1.00000


DS
000
ADADA
XA
06:08:00
140.9
  0.0
 92.2
236.7
XD
06:08:30
 74.6
  0.0
 30.9
241.2
XA
06:09:00
141.1
  0.0
 92.4
239.0
XD
06:09:30
 74.6
  0.0
 30.9
243.9
XA
06:10:00
140.9
  0.0
 92.2
240.0
XAD
06:09:00
1.762
 55.7
237.5

comment
3, 40, CB

DS
000
ADADA
XA
06:09:00
140.9
  0.0
 92.2
238.4
XD
06:09:30
 74.7
  0.0
 31.0
245.5
XA
06:10:00
140.4
  0.0
 91.7
238.5
XD
06:10:30
 74.6
  0.0
 30.9
246.7
XA
06:11:00
140.0
  0.0
 91.3
238.9
XAD
06:10:00
1.752
 55.5
236.6

comment
3, 40, CB

DS
000
ADADA
XA
06:10:00
140.0
  0.0
 91.3
237.2
XD
06:10:30
 74.7
  0.0
 31.0
248.3
XA
06:11:00
140.2
  0.0
 91.5
239.5
XD
06:11:30
 74.9
  0.0
 31.2
254.3
XA
06:12:00
139.9
  0.0
 91.2
240.2
XAD
06:11:00
1.742
 55.3
235.8

comment
3, 40, CB

DS
000
ADADA
XA
06:11:00
139.9
  0.0
 91.2
238.6
XD
06:11:30
 74.9
  0.0
 31.2
254.3
XA
06:12:00
139.8
  0.0
 91.1
239.9
XD
06:12:30
 74.9
  0.0
 31.2
257.0
XA
06:13:00
139.2
  0.0
 90.6
239.7
XAD
06:12:00
1.732
 55.1
235.1

comment
3, 40, CB

DS
000
ADADA
XA
08:23:00
106.9
  0.0
 59.2
241.5
XD
08:23:30
 65.1
  0.0
 20.6
267.3
XA
08:24:00
106.8
  0.0
 59.1
241.5
XD
08:24:30
 65.3
  0.0
 20.8
273.3
XA
08:25:00
106.8
  0.0
 59.1
242.0
XAD
08:24:00
1.118
 26.6
234.2

comment
4, 40, CB

DS
000
ADADA
XA
08:24:00
106.8
  0.0
 59.1
241.5
XD
08:24:30
 64.8
  0.0
 20.3
260.1
XA
08:25:00
106.3
  0.0
 58.6
239.6
XD
08:25:30
 65.1
  0.0
 20.6
268.8
XA
08:26:00
106.4
  0.0
 58.7
240.5
XAD
08:25:00
1.116
 26.4
234.3

comment
4, 40, CB

DS
000
ADADA
XA
08:26:00
106.4
  0.0
 58.7
240.5
XD
08:26:30
 65.5
  0.0
 21.0
280.2
XA
08:27:00
106.6
  0.0
 58.9
242.0
XD
08:27:30
 65.6
  0.0
 21.1
283.6
XA
08:28:00
106.5
  0.0
 58.8
241.9
XAD
08:27:00
1.112
 26.1
230.9

comment
4, 40, CB

DS
000
ADADA
XA
08:28:00
106.5
  0.0
 58.8
241.9
XD
08:28:30
 65.6
  0.0
 21.1
284.3
XA
08:29:00
106.4
  0.0
 58.7
241.9
XD
08:29:30
 65.4
  0.0
 20.9
279.8
XA
08:30:00
106.4
  0.0
 58.7
242.3
XAD
08:29:00
1.109
 25.7
231.6

comment
4, 40, CB

DS
000
ADADA
XA
11:21:00
108.4
  0.0
 60.6
241.4
XD
11:21:30
 65.6
  0.0
 21.1
267.3
XA
11:22:00
108.3
  0.0
 60.5
240.4
XD
11:22:30
 65.5
  0.0
 21.0
263.8
XA
11:23:00
108.4
  0.0
 60.6
240.3
XAD
11:22:00
1.149
 29.6
234.2

comment
5, 40, CB

DS
000
ADADA
XA
11:22:00
108.4
  0.0
 60.6
240.9
XD
11:22:30
 65.6
  0.0
 21.1
266.4
XA
11:23:00
108.3
  0.0
 60.5
239.8
XD
11:23:30
 65.6
  0.0
 21.1
265.4
XA
11:24:00
108.5
  0.0
 60.7
240.2
XAD
11:23:00
1.151
 29.8
233.6

comment
5, 40, CB

DS
000
ADADA
XA
11:23:00
108.5
  0.0
 60.7
240.8
XD
11:23:30
 65.5
  0.0
 21.0
262.9
XA
11:24:00
108.5
  0.0
 60.7
240.2
XD
11:24:30
 65.6
  0.0
 21.1
264.4
XA
11:25:00
108.1
  0.0
 60.3
237.8
XAD
11:24:00
1.154
 30.0
233.3

comment
5, 40, CB

ZC
005
ADADA
XA
12:13:00
102.9
  0.0
 55.3
  0.0
XD
12:13:30
 53.2
  0.0
  7.7
  0.0
XA
12:14:00
103.6
  0.0
 56.0
  0.0
XD
12:14:30
 54.3
  0.0
  8.9
  0.0
XA
12:15:00
104.2
  0.0
 56.6
  0.0
XAD
12:14:00
1.313
 40.6
233.9

comment
6, 40, ZC

ZC
005
ADADA
XA
12:14:00
104.2
  0.0
 56.6
  0.0
XD
12:14:30
 53.9
  0.0
  8.5
  0.0
XA
12:15:00
102.9
  0.0
 55.3
  0.0
XD
12:15:30
 52.6
  0.0
  7.1
  0.0
XA
12:16:00
101.9
  0.0
 54.4
  0.0
XAD
12:15:00
1.317
 40.8
233.8

comment
6, 40, ZC

ZC
005
ADADA
XA
12:15:00
101.9
  0.0
 54.4
  0.0
XD
12:15:30
 52.1
  0.0
  6.5
  0.0
XA
12:16:00
102.3
  0.0
 54.7
  0.0
XD
12:16:30
 52.0
  0.0
  6.4
  0.0
XA
12:17:00
102.6
  0.0
 55.0
  0.0
XAD
12:16:00
1.321
 41.0
234.1

comment
6, 40, ZC

