Dobson2
26
 1
2024
Nairobi
018
 -1.2710
 36.8030
1795
 820
26000
1.806
0.833
0.374
0.114
0.109
0.104
dN
-0.86
-0.62
-0.81
NTable
-42.3
-34.3
-26.1
-17.4
 -8.1
  1.8
 12.2
 23.0
 33.4
 43.7
 53.4
 63.0
 72.6
 82.4
 92.2
102.1
112.1
122.2
132.6
142.9
153.0
163.2
173.2
183.4
192.9
202.1
211.6
221.7
232.8
244.5
257.3

-40.8
-32.5
-24.2
-15.4
 -6.0
  4.2
 14.8
 25.6
 36.3
 46.5
 56.3
 65.9
 75.6
 85.3
 95.1
104.9
114.8
124.8
135.2
145.3
155.3
165.3
175.2
185.2
194.5
203.6
212.9
222.8
233.6
244.8
257.3

-40.2
-32.1
-23.7
-14.7
 -5.1
  5.1
 15.8
 26.8
 37.5
 47.8
 57.6
 67.3
 76.8
 86.5
 96.3
106.0
115.8
125.8
135.8
145.9
155.7
165.5
175.1
184.9
194.1
203.0
211.9
221.6
232.3
243.3
255.6

Zpoly
 379.6519520
-752.7688370
  12.2053801
4612.9711200
   2.6441876
-216.6516600
-147.9493570
   5.7369696
 857.3274680
  -0.0648987

 313.3267240
-454.8429170
  26.7887444
 242.4997490
   0.1722892
 -16.5982925
  -0.0252821
   0.1673670
 -24.8973557
  -0.0048503

   3.2205400
  -0.0017600
  -0.3425600
   0.0013400

   7.5146000
  -0.0041000
  -0.7993150
   0.0031400

  10.7351000
  -0.0058500
  -1.1418800
   0.0044800

  12.8822000
  -0.0070300
  -1.3702500
   0.0053800

  12.8822000
  -0.0070300
  -1.3702500
   0.0053800

   8.1011400
  -0.0074000
  -1.1134600
   0.0019000

  18.9027000
  -0.0172700
  -2.5980600
   0.0044400

  27.0038000
  -0.0246700
  -3.7115200
   0.0063400

  32.4046000
  -0.0296100
  -4.4538200
   0.0076000

  32.4046000
  -0.0296100
  -4.4538200
   0.0076000

EmpCor
   0.0000000
   0.0000000
   0.0000000

   0.0000000
   0.0000000
   0.0000000

   1.00000
   1.00000
   1.00000
   1.00000
   1.00000
   1.00000
   1.00000

   1.00000
   1.00000
   1.00000
   1.00000
   1.00000


DS
000
ADADA
XA
06:05:00
143.0
  0.0
 94.3
237.9
XD
06:05:30
 75.0
  0.0
 31.3
239.2
XA
06:06:00
142.5
  0.0
 93.8
238.2
XD
06:06:30
 75.5
  0.0
 31.9
250.0
XA
06:07:00
142.0
  0.0
 93.3
238.4
XAD
06:06:00
1.794
 56.4
236.5
comment
6, 30, CB

DS
000
ADADA
XA
06:07:00
142.0
  0.0
 93.3
238.4
XD
06:07:30
 74.5
  0.0
 30.8
236.8
XA
06:08:00
140.5
  0.0
 91.8
235.4
XD
06:08:30
 74.5
  0.0
 30.8
239.5
XA
06:09:00
138.8
  0.0
 90.2
231.9
XAD
06:08:00
1.773
 56.0
234.5
comment
6, 30, CB

DS
000
ADADA
XA
06:10:00
138.8
  0.0
 90.2
233.5
XD
06:10:30
 74.0
  0.0
 30.3
236.8
XA
06:11:00
140.0
  0.0
 91.3
238.9
XD
06:11:30
 74.0
  0.0
 30.3
239.5
XA
06:12:00
139.5
  0.0
 90.8
239.0
XAD
06:11:00
1.742
 55.3
236.8
comment
6, 30, CB

DS
000
ADADA
XA
06:12:00
139.5
  0.0
 90.8
239.0
XD
06:12:30
 74.0
  0.0
 30.3
242.1
XA
06:13:00
138.5
  0.0
 89.9
237.5
XD
06:13:30
 74.0
  0.0
 30.3
244.8
XA
06:14:00
138.5
  0.0
 89.9
239.1
XAD
06:13:00
1.723
 54.8
237.2
comment
6, 30, CB

DS
000
ADADA
XA
08:10:00
105.0
  0.0
 57.3
226.4
XD
08:10:30
 65.5
  0.0
 21.0
267.0
XA
08:11:00
107.0
  0.0
 59.3
236.3
XD
08:11:30
 65.5
  0.0
 21.0
267.9
XA
08:12:00
107.0
  0.0
 59.3
236.8
XAD
08:11:00
1.142
 29.0
224.2
comment
5, 30, CB

DS
000
ADADA
XA
08:12:00
107.0
  0.0
 59.3
236.8
XD
08:12:30
 65.5
  0.0
 21.0
268.8
XA
08:13:00
107.0
  0.0
 59.3
237.3
XD
08:13:30
 66.0
  0.0
 21.6
282.7
XA
08:14:00
107.0
  0.0
 59.3
237.8
XAD
08:13:00
1.138
 28.6
227.3
comment
5, 30, CB

DS
900
ADADA
XA
08:28:00
106.5
  0.0
 58.8
242.2
XD
08:28:30
 58.0
  0.0
 12.8
 84.7
XA
08:29:00
 98.0
  0.0
 50.6
201.8
XD
08:29:30
 58.9
  0.0
 13.8
108.4
XA
08:30:00
107.0
  0.0
 59.3
245.5
XAD
08:29:00
1.108
 25.6
264.6
comment
5, 30, CB

DS
000
ADADA
XA
11:23:00
109.0
  0.0
 61.2
243.6
XD
11:23:30
 65.5
  0.0
 21.0
263.7
XA
11:24:00
106.5
  0.0
 58.8
231.5
XD
11:24:30
 65.5
  0.0
 21.0
262.8
XA
11:25:00
108.0
  0.0
 60.2
237.8
XAD
11:24:00
1.152
 29.9
231.0
comment
5, 30, CB

DS
000
ADADA
XA
11:29:00
108.0
  0.0
 60.2
235.5
XD
11:29:30
 66.0
  0.0
 21.6
270.4
XA
11:30:00
110.0
  0.0
 62.1
244.0
XD
11:30:30
 67.0
  0.0
 22.7
294.6
XA
11:31:00
109.5
  0.0
 61.7
241.1
XAD
11:30:00
1.166
 31.1
229.2
comment
5, 30, CB

DS
000
ADADA
XA
11:31:00
109.5
  0.0
 61.7
241.1
XD
11:31:30
 66.5
  0.0
 22.1
280.9
XA
11:32:00
109.5
  0.0
 61.7
240.5
XD
11:32:30
 66.0
  0.0
 21.6
267.3
XA
11:33:00
110.5
  0.0
 62.6
244.4
XAD
11:32:00
1.171
 31.5
233.6
comment
5, 30, CB

DS
000
ADADA
XA
11:36:00
110.5
  0.0
 62.6
242.4
XD
11:36:30
 67.0
  0.0
 22.7
287.8
XA
11:37:00
110.0
  0.0
 62.1
239.5
XD
11:37:30
 66.5
  0.0
 22.1
274.2
XA
11:38:00
110.0
  0.0
 62.1
238.9
XAD
11:37:00
1.184
 32.5
229.6
comment
5, 30, CB

DS
000
ADADA
XA
12:21:00
118.0
  0.0
 69.8
237.1
XD
12:21:30
 68.0
  0.0
 23.8
248.0
XA
12:22:00
118.0
  0.0
 69.8
236.1
XD
12:22:30
 67.5
  0.0
 23.2
235.5
XA
12:23:00
117.0
  0.0
 68.9
231.2
XAD
12:22:00
1.346
 42.2
233.0
comment
5, 30, CB

DS
000
ADADA
XA
12:24:00
117.0
  0.0
 68.9
230.2
XD
12:24:30
 65.0
  0.0
 20.5
178.0
XA
12:25:00
116.0
  0.0
 67.9
225.3
XD
12:25:30
 69.0
  0.0
 24.9
263.0
XA
12:26:00
119.0
  0.0
 70.8
236.0
XAD
12:25:00
1.360
 42.9
233.1
comment
5, 30, CB

DS
000
ADADA
XA
12:26:00
119.0
  0.0
 70.8
236.0
XD
12:26:30
 67.5
  0.0
 23.2
228.9
XA
12:27:00
119.5
  0.0
 71.3
236.9
XD
12:27:30
 69.0
  0.0
 24.9
259.4
XA
12:28:00
119.5
  0.0
 71.3
235.8
XAD
12:27:00
1.370
 43.3
234.2
comment
5, 30, CB

DS
000
ADADA
XA
12:28:00
119.5
  0.0
 71.3
235.8
XD
12:28:30
 69.0
  0.0
 24.9
257.6
XA
12:29:00
120.0
  0.0
 71.7
236.7
XD
12:29:30
 69.0
  0.0
 24.9
255.8
XA
12:30:00
120.0
  0.0
 71.7
235.6
XAD
12:29:00
1.380
 43.8
230.7
comment
5, 30, CB

